# errors st dev
4.672659044848335129e-04
4.423903270729392326e-04
5.099476564782957303e-04
6.690475208098199461e-04
7.540448809442344908e-04
1.237242456004306523e-03
1.868568360130515391e-03
2.445007281414944209e-03
3.743918932902721378e-03
3.454853777582881681e-03
4.524190394154780845e-03
6.546634102415427661e-03
5.572727493002205441e-03
6.156560300041048588e-03
7.880911744568943819e-03
8.588943488028180293e-03
9.135956048052536541e-03
8.669402454502272287e-03
1.293321536272832445e-02
1.255109495888206105e-02
1.529761068847211060e-02
1.159768235913928233e-02
1.590273284722557717e-02
2.032170067511319261e-02
1.534665521152525636e-02
1.781093044990469942e-02
2.102152894158120303e-02
2.063297718681595880e-02
1.948129958114049043e-02
2.299562092006557715e-02
2.096208612105053201e-02
2.488199014715530497e-02
2.650902351564596998e-02
2.647063730782798704e-02
2.800563536611582263e-02
2.705489203175429416e-02
3.192694788427721808e-02
2.743334809546544434e-02
3.192611205462761448e-02
3.164965358800500561e-02
3.472963212164431601e-02
3.130104353666329081e-02
3.385235592622830997e-02
2.922731025702623650e-02
3.334511989247336550e-02
3.617651300276970155e-02
3.971984692074539969e-02
4.212157246294055690e-02
4.176519788493247842e-02
3.906049246126300917e-02
3.920992282514219190e-02
3.882508854710616658e-02
4.510426422807323199e-02
4.567540143671681985e-02
4.251814979567444808e-02
3.911578231609078721e-02
4.457301035633527697e-02
5.115338644171332078e-02
4.483239926431241418e-02
4.286007956583036405e-02
4.860417033289937683e-02
4.805909283821081790e-02
4.559923320148103615e-02
4.501095383313059861e-02
4.485099492074323679e-02
4.629333128258084074e-02
4.930092699688067709e-02
4.338584643844500821e-02
4.463656473203301417e-02
4.181511035843291091e-02
