# C
9.507996850202991013e-01
9.505012943060145991e-01
9.499858594888361818e-01
9.492566211475859106e-01
9.483181455829081674e-01
9.471762771966630856e-01
9.458380778778394671e-01
9.443117542744176030e-01
9.426065739988864767e-01
9.407327719640034003e-01
9.387014481723177095e-01
9.365244583859080318e-01
9.342142991801551943e-01
9.317839889362257155e-01
9.292469463508638006e-01
9.266168680392374846e-01
9.239076067776850198e-01
9.211330518794749178e-01
9.183070131198599606e-01
9.154431095288984022e-01
9.125546642542463616e-01
9.096546065641936130e-01
9.067553819166458418e-01
9.038688708657132143e-01
9.010063174172960876e-01
8.981782672817835156e-01
8.953945163088536940e-01
8.926640692293886792e-01
8.899951086754830376e-01
8.873949743039674098e-01
8.848701517140146189e-01
8.824262707271341988e-01
8.800681124897202778e-01
8.777996247654464845e-01
8.756239447079715577e-01
8.735434283440298708e-01
8.715596859530679863e-01
8.696736225018526500e-01
8.678854822803157010e-01
8.661948968874306765e-01
8.646009357320277866e-01
8.631021582418412219e-01
8.616966670132819583e-01
8.603821611829008953e-01
8.591559893575991813e-01
8.580152015027412427e-01
8.569565992537786503e-01
8.559767841862373494e-01
8.550722036494591283e-01
8.542391938399241935e-01
8.534740198590722304e-01
8.527729125671451582e-01
8.521321021077641333e-01
8.515478480368979808e-01
8.510164660439653028e-01
8.505343513015539703e-01
8.500979985233163561e-01
8.497040188468418798e-01
8.493491536896685679e-01
8.490302857521626612e-01
8.487444473609492279e-01
8.484888263612022641e-01
8.482607697757416076e-01
8.480577854539497196e-01
8.478775419344696251e-01
8.477178667429424719e-01
8.475767433401948381e-01
8.474523069277728471e-01
8.473428393070440157e-01
8.472467629756916807e-01
