# C_Plot
9.507996850202991013e-01
9.507884384725027171e-01
9.507764667512009771e-01
9.507637701067450653e-01
9.507503488046245010e-01
9.507362031254580348e-01
9.507213333649839893e-01
9.507057398340499343e-01
9.506894228586014739e-01
9.506723827796714765e-01
9.506546199533679742e-01
9.506361347508616166e-01
9.506169275583726819e-01
9.505969987771580865e-01
9.505763488234968417e-01
9.505549781286760647e-01
9.505328871389755463e-01
9.505100763156525412e-01
9.504865461349254474e-01
9.504622970879575972e-01
9.504373296808397154e-01
9.504116444345724890e-01
9.503852418850488037e-01
9.503581225830345369e-01
9.503302870941499059e-01
9.503017359988493729e-01
9.502724698924016611e-01
9.502424893848693266e-01
9.502117951010871089e-01
9.501803876806406146e-01
9.501482677778437802e-01
9.501154360617163341e-01
9.500818932159605934e-01
9.500476399389375937e-01
9.500126769436431085e-01
9.499770049576826692e-01
9.499406247232464739e-01
9.499035369970834086e-01
9.498657425504750673e-01
9.498272421692091072e-01
9.497880366535517149e-01
9.497481268182200731e-01
9.497075134923541606e-01
9.496661975194876648e-01
9.496241797575195598e-01
9.495814610786836862e-01
9.495380423695189975e-01
9.494939245308383624e-01
9.494491084776983669e-01
9.494035951393666739e-01
9.493573854592906036e-01
9.493104803950641601e-01
9.492628809183950578e-01
9.492145880150714143e-01
9.491656026849272232e-01
9.491159259418084915e-01
9.490655588135374909e-01
9.490145023418781189e-01
9.489627575824994832e-01
9.489103256049397084e-01
9.488572074925688549e-01
9.488034043425520592e-01
9.487489172658114533e-01
9.486937473869877513e-01
9.486378958444021681e-01
9.485813637900167850e-01
9.485241523893949145e-01
9.484662628216613545e-01
9.484076962794618648e-01
9.483484539689220894e-01
9.482885371096059224e-01
9.482279469344742084e-01
9.481666846898419987e-01
9.481047516353363624e-01
9.480421490438523113e-01
9.479788782015103887e-01
9.479149404076114838e-01
9.478503369745934215e-01
9.477850692279849998e-01
9.477191385063616913e-01
9.476525461612991252e-01
9.475852935573274571e-01
9.475173820718842954e-01
9.474488130952680720e-01
9.473795880305906358e-01
9.473097082937288471e-01
9.472391753132770598e-01
9.471679905304979386e-01
9.470961553992737203e-01
9.470236713860565869e-01
9.469505399698184833e-01
9.468767626420016015e-01
9.468023409064667550e-01
9.467272762794431973e-01
9.466515702894764406e-01
9.465752244773768531e-01
9.464982403961671453e-01
9.464206196110298563e-01
9.463423636992545074e-01
9.462634742501837559e-01
9.461839528651598830e-01
9.461038011574708362e-01
9.460230207522952739e-01
9.459416132866480531e-01
9.458595804093246073e-01
9.457769237808458795e-01
9.456936450734013677e-01
9.456097459707939468e-01
9.455252281683820259e-01
9.454400933730235934e-01
9.453543433030175969e-01
9.452679796880474328e-01
9.451810042691215497e-01
9.450934187985161605e-01
9.450052250397155129e-01
9.449164247673534911e-01
9.448270197671535531e-01
9.447370118358693336e-01
9.446464027812240261e-01
9.445551944218504303e-01
9.444633885872301127e-01
9.443709871176317883e-01
9.442779918640503700e-01
9.441844046881452401e-01
9.440902274621776336e-01
9.439954620689490206e-01
9.439001104017378241e-01
9.438041743642369141e-01
9.437076558704897700e-01
9.436105568448273084e-01
9.435128792218040461e-01
9.434146249461337064e-01
9.433157959726246045e-01
9.432163942661154765e-01
9.431164218014097544e-01
9.430158805632108399e-01
9.429147725460560459e-01
9.428130997542512048e-01
9.427108642018039442e-01
9.426080679123577388e-01
9.425047129191252981e-01
9.424008012648211752e-01
9.422963350015948203e-01
9.421913161909634127e-01
9.420857469037435816e-01
9.419796292199839050e-01
9.418729652288966303e-01
9.417657570287889524e-01
9.416580067269946230e-01
9.415497164398051178e-01
9.414408882924001354e-01
9.413315244187783204e-01
9.412216269616877629e-01
9.411111980725562765e-01
9.410002399114207883e-01
9.408887546468578389e-01
9.407767444559123060e-01
9.406642115240272384e-01
9.405511580449728015e-01
9.404375862207751124e-01
9.403234982616447413e-01
9.402088963859054349e-01
9.400937828199225077e-01
9.399781597980305659e-01
9.398620295624615650e-01
9.397453943632725348e-01
9.396282564582731922e-01
9.395106181129531109e-01
9.393924816004090017e-01
9.392738492012717710e-01
9.391547232036332460e-01
9.390351059029726777e-01
9.389149996020835776e-01
9.387944066109998875e-01
9.386733292469222611e-01
9.385517698341436788e-01
9.384297307039758396e-01
9.383072141946748879e-01
9.381842226513664729e-01
9.380607584259716969e-01
9.379368238771320643e-01
9.378124213701352074e-01
9.376875532768391697e-01
9.375622219755980202e-01
9.374364298511862481e-01
9.373101792947233779e-01
9.371834727035988077e-01
9.370563124813962030e-01
9.369287010378177794e-01
9.368006407886080300e-01
9.366721341554791191e-01
9.365431835660332771e-01
9.364137914536879714e-01
9.362839602575994125e-01
9.361536924225858369e-01
9.360229903990516798e-01
9.358918566429109687e-01
9.357602936155108297e-01
9.356283037835547711e-01
9.354958896190260775e-01
9.353630535991113160e-01
9.352297982061231751e-01
9.350961259274238602e-01
9.349620392553478210e-01
9.348275406871252580e-01
9.346926327248046285e-01
9.345573178751759302e-01
9.344215986496932080e-01
9.342854775643976151e-01
9.341489571398402525e-01
9.340120399010044538e-01
9.338747283772290686e-01
9.337370251021308576e-01
9.335989326135269994e-01
9.334604534533579301e-01
9.333215901676099602e-01
9.331823453062377816e-01
9.330427214230867516e-01
9.329027210758161770e-01
9.327623468258209316e-01
9.326216012381547404e-01
9.324804868814524639e-01
9.323390063278524931e-01
9.321971621529194785e-01
9.320549569355668362e-01
9.319123932579792546e-01
9.317694737055355336e-01
9.316262008667307581e-01
9.314825773330991376e-01
9.313386056991367346e-01
9.311942885622240818e-01
9.310496285225488000e-01
9.309046281830282155e-01
9.307592901492326432e-01
9.306136170293075605e-01
9.304676114338967796e-01
9.303212759760653983e-01
9.301746132712227499e-01
9.300276259370450216e-01
9.298803165933988701e-01
9.297326878622642621e-01
9.295847423676575350e-01
9.294364827355547920e-01
9.292879115938154078e-01
9.291390315721048676e-01
9.289898453018189395e-01
9.288403554160064024e-01
9.286905645492934402e-01
9.285404753378067033e-01
9.283900904190975911e-01
9.282394124320657580e-01
9.280884440168833960e-01
9.279371878149188513e-01
9.277856464686613513e-01
9.276338226216447325e-01
9.274817189183722776e-01
9.273293380042407774e-01
9.271766825254653677e-01
9.270237551290042566e-01
9.268705584624832294e-01
9.267170951741210416e-01
9.265633679126540345e-01
9.264093793272616395e-01
9.262551320674914379e-01
9.261006287831846651e-01
9.259458721244021584e-01
9.257908647413493064e-01
9.256356092843026628e-01
9.254801084035355618e-01
9.253243647492441770e-01
9.251683809714740248e-01
9.250121597200462453e-01
9.248557036444842172e-01
9.246990153939405044e-01
9.245420976171233596e-01
9.243849529622243377e-01
9.242275840768447992e-01
9.240699936079239674e-01
9.239121842016662089e-01
9.237541585034687586e-01
9.235959191578496652e-01
9.234374688083759608e-01
9.232788100975919399e-01
9.231199456669472170e-01
9.229608781567258946e-01
9.228016102059753978e-01
9.226421444524348647e-01
9.224824835324649808e-01
9.223226300809772571e-01
9.221625867313635316e-01
9.220023561154255809e-01
9.218419408633057310e-01
9.216813436034164697e-01
9.215205669623710572e-01
9.213596135649143593e-01
9.211984860338535697e-01
9.210371869899890429e-01
9.208757190520461267e-01
9.207140848366062169e-01
9.205522869580382572e-01
9.203903280284316812e-01
9.202282106575273568e-01
9.200659374526510836e-01
9.199035110186453146e-01
9.197409339578029863e-01
9.195782088697995738e-01
9.194153383516273648e-01
9.192523249975287358e-01
9.190891713989295386e-01
9.189258801443741520e-01
9.187624538194587576e-01
9.185988950067667247e-01
9.184352062858031074e-01
9.182713902329298072e-01
9.181074494213007364e-01
9.179433864207979799e-01
9.177792037979667361e-01
9.176149041159524788e-01
9.174504899344366748e-01
9.172859638095735013e-01
9.171213282939273403e-01
9.169565859364092741e-01
9.167917392822146905e-01
9.166267908727617764e-01
9.164617432456285684e-01
9.162965989344915574e-01
9.161313604690650703e-01
9.159660303750386534e-01
9.158006111740177868e-01
9.156351053834621556e-01
9.154695155166260312e-01
9.153038440824982080e-01
9.151380935857419407e-01
9.149722665266361021e-01
9.148063654010157864e-01
9.146403927002134671e-01
9.144743509110008217e-01
9.143082425155301118e-01
9.141420699912765624e-01
9.139758358109807412e-01
9.138095424425913826e-01
9.136431923492080998e-01
9.134767879890248743e-01
9.133103318152741013e-01
9.131438262761697455e-01
9.129772738148524969e-01
9.128106768693335926e-01
9.126440378724403057e-01
9.124773592517607668e-01
9.123106434295898959e-01
9.121438928228747800e-01
9.119771098431613821e-01
9.118102968965406951e-01
9.116434563835957849e-01
9.114765906993489430e-01
9.113097022332088404e-01
9.111427933689189018e-01
9.109758664845052367e-01
9.108089239522251246e-01
9.106419681385155007e-01
9.104750014039428851e-01
9.103080261031522014e-01
9.101410445848168163e-01
9.099740591915889132e-01
9.098070722600497540e-01
9.096400861206607180e-01
9.094731030977142305e-01
9.093061255092858008e-01
9.091391556671852836e-01
9.089721958769095833e-01
9.088052484375952478e-01
9.086383156419708396e-01
9.084713997763110838e-01
9.083045031203897945e-01
9.081376279474339119e-01
9.079707765240783157e-01
9.078039511103201953e-01
9.076371539594737525e-01
9.074703873181263480e-01
9.073036534260937591e-01
9.071369545163761039e-01
9.069702928151149868e-01
9.068036705415495335e-01
9.066370899079740919e-01
9.064705531196958210e-01
9.063040623749920588e-01
9.061376198650692437e-01
9.059712277740209485e-01
9.058048882787873568e-01
9.056386035491142961e-01
9.054723757475131585e-01
9.053062070292208219e-01
9.051400995421601259e-01
9.049740554269009030e-01
9.048080768166206767e-01
9.046421658370668029e-01
9.044763246065179452e-01
9.043105552357465493e-01
9.041448598279815396e-01
9.039792404788710156e-01
9.038136992764462807e-01
9.036482383010849828e-01
9.034828596254753652e-01
9.033175653145811834e-01
9.031523574256060671e-01
9.029872380079591032e-01
9.028222091032204188e-01
9.026572727451068756e-01
9.024924309594389848e-01
9.023276857641071569e-01
9.021630391690390605e-01
9.019984931761669822e-01
9.018340497793958521e-01
9.016697109645713804e-01
9.015054787094486377e-01
9.013413549836613026e-01
9.011773417486905746e-01
9.010134409578353099e-01
9.008496545561819335e-01
9.006859844805749082e-01
9.005224326595879791e-01
9.003590010134948640e-01
9.001956914542412758e-01
9.000325058854165006e-01
8.998694462022265306e-01
8.997065142914658642e-01
8.995437120314914159e-01
8.993810412921954267e-01
8.992185039349798181e-01
8.990561018127301018e-01
8.988938367697902887e-01
8.987317106419375756e-01
8.985697252563580317e-01
8.984078824316219514e-01
8.982461839776606505e-01
8.980846316957421527e-01
8.979232273784487628e-01
8.977619728096539742e-01
8.976008697645001533e-01
8.974399200093764462e-01
8.972791253018973512e-01
8.971184873908812918e-01
8.969580080163301883e-01
8.967976889094080306e-01
8.966375317924216715e-01
8.964775383788007312e-01
8.963177103730779471e-01
8.961580494708707434e-01
8.959985573588620245e-01
8.958392357147819673e-01
8.956800862073907021e-01
8.955211104964602153e-01
8.953623102327570304e-01
8.952036870580262207e-01
8.950452426049740895e-01
8.948869784972526276e-01
8.947288963494438585e-01
8.945709977670441848e-01
8.944132843464498439e-01
8.942557576749416981e-01
8.940984193306719119e-01
8.939412708826491860e-01
8.937843138907259899e-01
8.936275499055847948e-01
8.934709804687257506e-01
8.933146071124543619e-01
8.931584313598690539e-01
8.930024547248494038e-01
8.928466787120457049e-01
8.926911048168667540e-01
8.925357345254703034e-01
8.923805693147520701e-01
8.922256106523365204e-01
8.920708599965665453e-01
8.919163187964951334e-01
8.917619884918757123e-01
8.916078705131543769e-01
8.914539662814614518e-01
8.913002772086036085e-01
8.911468046970566492e-01
8.909935501399584012e-01
8.908405149211020557e-01
8.906877004149297283e-01
8.905351079865262420e-01
8.903827389916140200e-01
8.902305947765469796e-01
8.900786766783062021e-01
8.899269860244951591e-01
8.897755241333349385e-01
8.896242923136612468e-01
8.894732918649196352e-01
8.893225240771630569e-01
8.891719902310487589e-01
8.890216915978355061e-01
8.888716294393812500e-01
8.887218050081417964e-01
8.885722195471683627e-01
8.884228742901068010e-01
8.882737704611969320e-01
8.881249092752712126e-01
8.879762919377550690e-01
8.878279196446668964e-01
8.876797935826180597e-01
8.875319149288141141e-01
8.873842848510552495e-01
8.872369045077382887e-01
8.870897750478581312e-01
8.869428976110095286e-01
8.867962733273896392e-01
8.866499033178005806e-01
8.865037886936525391e-01
8.863579305569669886e-01
8.862123300003801329e-01
8.860669881071470133e-01
8.859219059511453942e-01
8.857770845968808704e-01
8.856325250994911968e-01
8.854882285047517287e-01
8.853441958490806396e-01
8.852004281595448054e-01
8.850569264538659109e-01
8.849136917404268887e-01
8.847707250182782479e-01
8.846280272771454012e-01
8.844855994974357705e-01
8.843434426502465584e-01
8.842015576973720759e-01
8.840599455913126237e-01
8.839186072752822643e-01
8.837775436832180365e-01
8.836367557397888373e-01
8.834962443604045257e-01
8.833560104512261368e-01
8.832160549091748747e-01
8.830763786219429923e-01
8.829369824680040058e-01
8.827978673166234636e-01
8.826590340278699376e-01
8.825204834526263475e-01
8.823822164326015072e-01
8.822442338003420037e-01
8.821065363792440772e-01
8.819691249835666103e-01
8.818320004184431182e-01
8.816951634798949611e-01
8.815586149548448880e-01
8.814223556211296939e-01
8.812863862475147636e-01
8.811507075937075051e-01
8.810153204103720048e-01
8.808802254391430164e-01
8.807454234126413928e-01
8.806109150544886299e-01
8.804767010793220772e-01
8.803427821928110353e-01
8.802091590916718555e-01
8.800758324636843710e-01
8.799428029877082169e-01
8.798100713336989287e-01
8.796776381627253727e-01
8.795455041269858443e-01
8.794136698698263865e-01
8.792821360257575547e-01
8.791509032204720686e-01
8.790199720708633535e-01
8.788893431850433036e-01
8.787590171623609336e-01
8.786289945934206980e-01
8.784992760601018080e-01
8.783698621355771063e-01
8.782407533843323844e-01
8.781119503621860334e-01
8.779834536163089176e-01
8.778552636852441360e-01
8.777273810989274505e-01
8.775998063787077141e-01
8.774725400373675210e-01
8.773455825791438567e-01
8.772189344997495253e-01
8.770925962863942438e-01
8.769665684178061804e-01
8.768408513642536040e-01
8.767154455875669772e-01
8.765903515411609392e-01
8.764655696700566212e-01
8.763411004109039615e-01
8.762169441920051316e-01
8.760931014333364075e-01
8.759695725465722616e-01
8.758463579351078998e-01
8.757234579940832431e-01
8.756008731104064635e-01
8.754786036627775214e-01
8.753566500217128121e-01
8.752350125495690358e-01
8.751136916005675115e-01
8.749926875208189347e-01
8.748720006483482470e-01
8.747516313131195043e-01
8.746315798370607464e-01
8.745118465340896430e-01
8.743924317101388066e-01
8.742733356631813280e-01
8.741545586832569770e-01
8.740361010524975161e-01
8.739179630451533454e-01
8.738001449276198151e-01
8.736826469584632049e-01
8.735654693884478128e-01
8.734486124605624902e-01
8.733320764100476197e-01
8.732158614644223160e-01
8.730999678435111822e-01
8.729843957594722870e-01
8.728691454168244768e-01
8.727542170124749088e-01
8.726396107357468068e-01
8.725253267684076608e-01
8.724113652846973155e-01
8.722977264513559481e-01
8.721844104276526011e-01
8.720714173654138257e-01
8.719587474090521040e-01
8.718464006955944923e-01
8.717343773547120422e-01
8.716226775087482226e-01
8.715113012727485620e-01
8.714002487544895148e-01
8.712895200545083263e-01
8.711791152661320092e-01
8.710690344755073200e-01
8.709592777616307346e-01
8.708498451963776477e-01
8.707407368445329032e-01
8.706319527638209932e-01
8.705234930049357001e-01
8.704153576115708502e-01
8.703075466204505117e-01
8.702000600613599701e-01
8.700928979571754818e-01
8.699860603238960266e-01
8.698795471706733951e-01
8.697733584998436074e-01
8.696674943069573338e-01
8.695619545808117579e-01
8.694567393034813296e-01
8.693518484503490740e-01
8.692472819901381209e-01
8.691430398849433470e-01
8.690391220902623504e-01
8.689355285550277586e-01
8.688322592216387585e-01
8.687293140259926272e-01
8.686266928975170387e-01
8.685243957592017061e-01
8.684224225276305775e-01
8.683207731130141438e-01
8.682194474192211908e-01
8.681184453438114401e-01
8.680177667780676343e-01
8.679174116070281775e-01
8.678173797095193320e-01
8.677176709581880809e-01
8.676182852195343242e-01
8.675192223539438530e-01
8.674204822157208783e-01
8.673220646531208944e-01
8.672239695083834299e-01
8.671261966177649105e-01
8.670287458115717438e-01
8.669316169141931816e-01
8.668348097441342937e-01
8.667383241140490524e-01
8.666421598307738616e-01
8.665463166953598639e-01
8.664507945031071356e-01
8.663555930435971053e-01
8.662607121007264155e-01
8.661661514527400074e-01
8.660719108722645387e-01
8.659779901263415791e-01
8.658843889764615831e-01
8.657911071785966417e-01
8.656981444832344552e-01
8.656055006354119730e-01
8.655131753747483669e-01
8.654211684354792267e-01
8.653294795464895328e-01
8.652381084313479631e-01
8.651470548083401990e-01
8.650563183905023434e-01
8.649658988856550046e-01
8.648757959964368247e-01
8.647860094203382308e-01
8.646965388497351857e-01
8.646073839719227161e-01
8.645185444691488863e-01
8.644300200186485483e-01
8.643418102926770930e-01
8.642539149585439784e-01
8.641663336786470362e-01
8.640790661105054449e-01
8.639921119067944799e-01
8.639054707153785984e-01
8.638191421793453006e-01
8.637331259370392145e-01
8.636474216220956235e-01
8.635620288634743291e-01
8.634769472854932904e-01
8.633921765078625965e-01
8.633077161457182180e-01
8.632235658096552022e-01
8.631397251057622011e-01
8.630561936356545560e-01
8.629729709965084927e-01
8.628900567810942057e-01
8.628074505778101644e-01
8.627251519707161975e-01
8.626431605395675772e-01
8.625614758598482146e-01
8.624800975028046324e-01
8.623990250354790499e-01
8.623182580207434667e-01
8.622377960173328582e-01
8.621576385798783715e-01
8.620777852589415202e-01
8.619982356010468250e-01
8.619189891487156752e-01
8.618400454404996358e-01
8.617614040110136431e-01
8.616830643909689780e-01
8.616050261072074612e-01
8.615272886827336496e-01
8.614498516367484759e-01
8.613727144846825556e-01
8.612958767382287162e-01
8.612193379053756370e-01
8.611430974904404900e-01
8.610671549941021352e-01
8.609915099134338723e-01
8.609161617419360812e-01
8.608411099695697510e-01
8.607663540827884541e-01
8.606918935645717639e-01
8.606177278944572295e-01
8.605438565485736824e-01
8.604702789996733214e-01
8.603969947171643540e-01
8.603240031671435251e-01
8.602513038124284250e-01
8.601788961125900190e-01
8.601067795239845104e-01
8.600349534997860923e-01
8.599634174900187000e-01
8.598921709415883186e-01
8.598212132983148459e-01
8.597505440009645117e-01
8.596801624872810743e-01
8.596100681920182396e-01
8.595402605469713020e-01
8.594707389810084530e-01
8.594015029201033107e-01
8.593325517873653396e-01
8.592638850030724917e-01
8.591955019847016262e-01
8.591274021469605948e-01
8.590595849018193286e-01
8.589920496585408127e-01
8.589247958237122837e-01
8.588578228012766491e-01
8.587911299925630182e-01
8.587247167963177885e-01
8.586585826087356210e-01
8.585927268234897491e-01
8.585271488317632871e-01
8.584618480222790948e-01
8.583968237813308644e-01
8.583320754928130958e-01
8.582676025382518503e-01
8.582034042968346155e-01
8.581394801454408361e-01
8.580758294586713353e-01
8.580124516088794007e-01
8.579493459661994281e-01
8.578865118985778970e-01
8.578239487718021250e-01
8.577616559495304660e-01
8.576996327933217312e-01
8.576378786626648321e-01
8.575763929150074238e-01
8.575151749057863260e-01
8.574542239884554995e-01
8.573935395145159122e-01
8.573331208335444042e-01
8.572729672932223322e-01
8.572130782393644344e-01
8.571534530159478082e-01
8.570940909651399986e-01
8.570349914273281966e-01
8.569761537411468844e-01
8.569175772435064786e-01
8.568592612696219746e-01
8.568012051530400353e-01
8.567434082256680794e-01
8.566858698178012599e-01
8.566285892581511074e-01
8.565715658738725091e-01
8.565147989905914638e-01
8.564582879324330600e-01
8.564020320220482319e-01
8.563460305806412931e-01
8.562902829279972483e-01
8.562347883825084383e-01
8.561795462612020735e-01
8.561245558797666577e-01
8.560698165525786330e-01
8.560153275927294692e-01
8.559610883120519764e-01
8.559070980211465063e-01
8.558533560294075970e-01
8.557998616450498419e-01
8.557466141751342015e-01
8.556936129255940937e-01
8.556408572012607072e-01
8.555883463058894245e-01
8.555360795421851350e-01
8.554840562118276592e-01
8.554322756154971730e-01
8.553807370528998533e-01
8.553294398227927475e-01
8.552783832230086425e-01
8.552275665504817104e-01
8.551769891012717117e-01
8.551266501705886425e-01
8.550765490528182688e-01
8.550266850415452202e-01
8.549770574295788572e-01
8.549276655089761423e-01
8.548785085710667309e-01
8.548295859064767299e-01
8.547808968051524570e-01
8.547324405563844207e-01
8.546842164488306359e-01
8.546362237705406040e-01
8.545884618089788498e-01
8.545409298510473484e-01
8.544936271831097274e-01
8.544465530910140272e-01
8.543997068601151268e-01
8.543530877752982811e-01
8.543066951210016580e-01
8.542605281812385432e-01
8.542145862396202105e-01
8.541688685793781266e-01
8.541233744833862662e-01
8.540781032341832057e-01
8.540330541139937726e-01
8.539882264047513605e-01
8.539436193881194681e-01
8.538992323455134592e-01
8.538550645581216569e-01
8.538111153069271042e-01
8.537673838727288800e-01
8.537238695361628604e-01
8.536805715777229242e-01
8.536374892777817136e-01
8.535946219166117288e-01
8.535519687744055339e-01
8.535095291312965182e-01
8.534673022673792131e-01
8.534252874627296093e-01
8.533834839974250297e-01
8.533418911515646688e-01
8.533005082052889101e-01
8.532593344387995327e-01
8.532183691323790287e-01
8.531776115664104765e-01
8.531370610213965255e-01
8.530967167779789362e-01
8.530565781169575645e-01
8.530166443193097914e-01
8.529769146662087298e-01
8.529373884390426541e-01
8.528980649194330965e-01
8.528589433892539429e-01
8.528200231306493073e-01
8.527813034260521841e-01
8.527427835582023219e-01
8.527044628101644319e-01
8.526663404653461731e-01
8.526284158075155828e-01
8.525906881208190624e-01
8.525531566897988078e-01
8.525158207994101289e-01
8.524786797350386580e-01
8.524417327825181134e-01
8.524049792281465088e-01
8.523684183587034724e-01
8.523320494614670118e-01
8.522958718242301668e-01
8.522598847353176632e-01
8.522240874836020108e-01
8.521884793585200457e-01
8.521530596500891397e-01
8.521178276489230763e-01
8.520827826462480381e-01
8.520479239339184829e-01
8.520132508044327979e-01
8.519787625509486206e-01
8.519444584672986043e-01
8.519103378480057387e-01
8.518763999882980054e-01
8.518426441841242536e-01
8.518090697321684113e-01
8.517756759298646951e-01
8.517424620754124875e-01
8.517094274677903254e-01
8.516765714067707771e-01
8.516438931929346534e-01
8.516113921276856624e-01
8.515790675132635101e-01
8.515469186527587775e-01
8.515149448501266871e-01
8.514831454102002040e-01
8.514515196387042462e-01
8.514200668422691187e-01
8.513887863284436142e-01
8.513576774057084462e-01
8.513267393834895724e-01
8.512959715721706289e-01
8.512653732831064746e-01
8.512349438286357373e-01
8.512046825220933588e-01
8.511745886778231407e-01
8.511446616111905117e-01
8.511149006385941851e-01
8.510853050774792594e-01
8.510558742463483206e-01
8.510266074647742096e-01
8.509975040534113466e-01
8.509685633340077215e-01
8.509397846294163292e-01
8.509111672636069379e-01
8.508827105616770803e-01
8.508544138498637111e-01
8.508262764555540869e-01
8.507982977072970909e-01
8.507704769348135576e-01
8.507428134690078192e-01
8.507153066419781418e-01
8.506879557870269393e-01
8.506607602386718758e-01
8.506337193326556356e-01
8.506068324059564700e-01
8.505800987967985227e-01
8.505535178446613775e-01
8.505270888902903836e-01
8.505008112757062033e-01
8.504746843442144710e-01
8.504487074404157854e-01
8.504228799102147018e-01
8.503972011008293919e-01
8.503716703608006355e-01
8.503462870400012585e-01
8.503210504896450139e-01
8.502959600622954639e-01
8.502710151118749726e-01
8.502462149936731439e-01
8.502215590643557031e-01
8.501970466819728234e-01
8.501726772059678972e-01
8.501484499971849740e-01
8.501243644178778647e-01
8.501004198317176908e-01
8.500766156038011001e-01
8.500529511006578165e-01
8.500294256902590773e-01
8.500060387420242947e-01
8.499827896268296046e-01
8.499596777170145279e-01
8.499367023863898529e-01
8.499138630102448522e-01
8.498911589653540544e-01
8.498685896299845721e-01
8.498461543839030963e-01
8.498238526083825572e-01
8.498016836862091195e-01
8.497796470016885095e-01
8.497577419406527888e-01
8.497359678904669034e-01
8.497143242400346796e-01
8.496928103798052634e-01
8.496714257017796701e-01
8.496501695995160031e-01
8.496290414681361147e-01
8.496080407043313798e-01
8.495871667063681354e-01
8.495664188740935652e-01
8.495457966089414725e-01
8.495252993139373876e-01
8.495049263937042294e-01
8.494846772544674129e-01
8.494645513040605111e-01
8.494445479519294739e-01
8.494246666091387343e-01
8.494049066883754273e-01
8.493852676039542748e-01
8.493657487718226928e-01
8.493463496095651211e-01
8.493270695364075751e-01
8.493079079732225312e-01
8.492888643425329231e-01
8.492699380685164723e-01
8.492511285770100171e-01
8.492324352955138433e-01
8.492138576531951255e-01
8.491953950808923679e-01
8.491770470111194014e-01
8.491588128780684919e-01
8.491406921176148925e-01
8.491226841673195080e-01
8.491047884664333356e-01
8.490870044559002405e-01
8.490693315783608419e-01
8.490517692781551773e-01
8.490343170013264773e-01
8.490169741956238303e-01
8.489997403105055129e-01
8.489826147971418768e-01
8.489655971084180131e-01
8.489486866989367497e-01
8.489318830250214276e-01
8.489151855447181205e-01
8.488985937177986330e-01
8.488821070057628315e-01
8.488657248718408654e-01
8.488494467809956090e-01
8.488332721999249930e-01
8.488172005970641143e-01
8.488012314425869009e-01
8.487853642084089989e-01
8.487695983681887713e-01
8.487539333973298517e-01
8.487383687729824766e-01
8.487229039740454839e-01
8.487075384811677559e-01
8.486922717767498847e-01
8.486771033449457269e-01
8.486620326716636242e-01
8.486470592445678474e-01
8.486321825530800389e-01
8.486174020883799907e-01
8.486027173434074200e-01
8.485881278128623029e-01
8.485736329932065392e-01
8.485592323826643968e-01
8.485449254812237330e-01
8.485307117906363272e-01
8.485165908144192137e-01
8.485025620578547922e-01
8.484886250279917164e-01
8.484747792336454486e-01
8.484610241853984824e-01
8.484473593956008974e-01
8.484337843783708033e-01
8.484202986495943399e-01
8.484069017269261215e-01
8.483935931297892363e-01
8.483803723793753582e-01
8.483672389986447460e-01
8.483541925123263550e-01
8.483412324469173926e-01
8.483283583306837627e-01
8.483155696936588441e-01
8.483028660676444899e-01
8.482902469862093620e-01
8.482777119846895975e-01
8.482652606001878093e-01
8.482528923715724201e-01
8.482406068394777732e-01
8.482284035463026894e-01
8.482162820362103561e-01
8.482042418551272167e-01
8.481922825507425268e-01
8.481804036725069107e-01
8.481686047716323618e-01
8.481568854010902436e-01
8.481452451156110683e-01
8.481336834716830531e-01
8.481222000275511208e-01
8.481107943432154572e-01
8.480994659804307334e-01
8.480882145027043295e-01
8.480770394752955577e-01
8.480659404652137745e-01
8.480549170412170490e-01
8.480439687738110521e-01
8.480330952352470586e-01
8.480222959995205034e-01
8.480115706423694277e-01
8.480009187412730354e-01
8.479903398754493615e-01
8.479798336258539404e-01
8.479693995751780289e-01
8.479590373078462751e-01
8.479487464100156080e-01
8.479385264695723512e-01
8.479283770761308903e-01
8.479182978210314525e-01
8.479082882973377755e-01
8.478983480998355526e-01
8.478884768250293247e-01
8.478786740711412584e-01
8.478689394381083710e-01
8.478592725275800879e-01
8.478496729429162437e-01
8.478401402891846406e-01
8.478306741731583829e-01
8.478212742033136573e-01
8.478119399898269570e-01
8.478026711445730834e-01
8.477934672811217043e-01
8.477843280147356886e-01
8.477752529623677757e-01
8.477662417426578001e-01
8.477572939759306925e-01
8.477484092841930385e-01
8.477395872911303032e-01
8.477308276221043881e-01
8.477221299041504121e-01
8.477134937659740466e-01
8.477049188379480738e-01
8.476964047521100554e-01
8.476879511421588909e-01
8.476795576434518198e-01
8.476712238930015353e-01
8.476629495294726313e-01
8.476547341931790491e-01
8.476465775260804136e-01
8.476384791717790357e-01
8.476304387755163594e-01
8.476224559841704087e-01
8.476145304462514574e-01
8.476066618118998086e-01
8.475988497328812432e-01
8.475910938625846880e-01
8.475833938560179970e-01
8.475757493698052869e-01
8.475681600621823852e-01
8.475606255929943877e-01
8.475531456236915506e-01
8.475457198173256268e-01
8.475383478385466463e-01
8.475310293535990303e-01
8.475237640303182607e-01
8.475165515381267722e-01
8.475093915480303997e-01
8.475022837326149361e-01
8.474952277660420252e-01
8.474882233240456086e-01
8.474812700839279289e-01
8.474743677245559770e-01
8.474675159263576063e-01
8.474607143713172031e-01
8.474539627429725774e-01
8.474472607264105228e-01
8.474406080082627080e-01
8.474340042767025682e-01
8.474274492214403098e-01
8.474209425337196899e-01
8.474144839063134649e-01
8.474080730335198375e-01
8.474017096111580161e-01
8.473953933365643287e-01
8.473891239085881155e-01
8.473829010275875095e-01
8.473767243954254402e-01
8.473705937154653034e-01
8.473645086925670755e-01
8.473584690330828728e-01
8.473524744448530654e-01
8.473465246372013926e-01
8.473406193209316317e-01
8.473347582083227136e-01
8.473289410131245036e-01
8.473231674505538047e-01
8.473174372372899166e-01
8.473117500914701949e-01
8.473061057326859435e-01
8.473005038819779733e-01
8.472949442618321614e-01
8.472894265961751215e-01
8.472839506103700957e-01
8.472785160312119590e-01
8.472731225869235550e-01
8.472677700071505891e-01
8.472624580229576319e-01
8.472571863668234560e-01
8.472519547726368172e-01
8.472467629756916807e-01
