# C_Plot
9.198124889999224063e-01
9.198118589844049842e-01
9.198110704901952817e-01
9.198101235181861401e-01
9.198090180694502571e-01
9.198077541452394090e-01
9.198063317469848954e-01
9.198047508762978719e-01
9.198030115349682401e-01
9.198011137249660907e-01
9.197990574484405935e-01
9.197968427077203302e-01
9.197944695053136277e-01
9.197919378439081139e-01
9.197892477263704958e-01
9.197863991557475583e-01
9.197833921352651654e-01
9.197802266683283712e-01
9.197769027585221968e-01
9.197734204096106314e-01
9.197697796255372982e-01
9.197659804104251213e-01
9.197620227685763261e-01
9.197579067044727719e-01
9.197536322227753969e-01
9.197491993283246625e-01
9.197446080261404422e-01
9.197398583214217993e-01
9.197349502195470983e-01
9.197298837260743376e-01
9.197246588467404838e-01
9.197192755874620262e-01
9.197137339543345336e-01
9.197080339536329863e-01
9.197021755918117769e-01
9.196961588755041550e-01
9.196899838115231152e-01
9.196836504068603979e-01
9.196771586686872668e-01
9.196705086043541755e-01
9.196637002213905454e-01
9.196567335275052102e-01
9.196496085305861934e-01
9.196423252387002645e-01
9.196348836600938270e-01
9.196272838031922525e-01
9.196195256765996584e-01
9.196116092890996851e-01
9.196035346496547191e-01
9.195953017674067809e-01
9.195869106516758595e-01
9.195783613119621336e-01
9.195696537579439722e-01
9.195607879994790457e-01
9.195517640466038811e-01
9.195425819095340847e-01
9.195332415986638974e-01
9.195237431245669724e-01
9.195140864979952644e-01
9.195042717298799184e-01
9.194942988313308252e-01
9.194841678136367324e-01
9.194738786882652448e-01
9.194634314668626018e-01
9.194528261612537889e-01
9.194420627834427595e-01
9.194311413456119908e-01
9.194200618601224839e-01
9.194088243395144300e-01
9.193974287965060999e-01
9.193858752439947324e-01
9.193741636950558682e-01
9.193622941629437939e-01
9.193502666610915419e-01
9.193380812031102245e-01
9.193257378027896998e-01
9.193132364740983498e-01
9.193005772311828583e-01
9.192877600883682110e-01
9.192747850601581394e-01
9.192616521612344549e-01
9.192483614064572706e-01
9.192349128108652234e-01
9.192213063896750302e-01
9.192075421582817096e-01
9.191936201322585820e-01
9.191795403273569365e-01
9.191653027595063641e-01
9.191509074448147576e-01
9.191363543995678675e-01
9.191216436402294132e-01
9.191067751834415267e-01
9.190917490460238648e-01
9.190765652449744971e-01
9.190612237974691290e-01
9.190457247208616565e-01
9.190300680326835003e-01
9.190142537506441611e-01
9.189982818926308861e-01
9.189821524767087801e-01
9.189658655211204730e-01
9.189494210442865629e-01
9.189328190648051731e-01
9.189160596014518401e-01
9.188991426731802914e-01
9.188820682991214461e-01
9.188648364985834149e-01
9.188474472910524993e-01
9.188299006961919702e-01
9.188121967338427343e-01
9.187943354240228899e-01
9.187763167869281711e-01
9.187581408429312813e-01
9.187398076125825597e-01
9.187213171166090930e-01
9.187026693759157148e-01
9.186838644115837837e-01
9.186649022448725166e-01
9.186457828972174333e-01
9.186265063902316896e-01
9.186070727457049667e-01
9.185874819856043594e-01
9.185677341320733769e-01
9.185478292074327200e-01
9.185277672341800592e-01
9.185075482349891463e-01
9.184871722327114796e-01
9.184666392503741950e-01
9.184459493111819528e-01
9.184251024385154949e-01
9.184040986559323105e-01
9.183829379871664145e-01
9.183616204561282359e-01
9.183401460869048405e-01
9.183185149037593753e-01
9.182967269311312908e-01
9.182747821936367849e-01
9.182526807160679150e-01
9.182304225233929307e-01
9.182080076407564961e-01
9.181854360934791348e-01
9.181627079070574515e-01
9.181398231071642435e-01
9.181167817196480563e-01
9.180935837705335167e-01
9.180702292860210001e-01
9.180467182924867409e-01
9.180230508164828329e-01
9.179992268847367853e-01
9.179752465241519666e-01
9.179511097618076043e-01
9.179268166249581196e-01
9.179023671410334595e-01
9.178777613376392086e-01
9.178529992425563666e-01
9.178280808837411264e-01
9.178030062893249852e-01
9.177777754876150773e-01
9.177523885070930643e-01
9.177268453764162448e-01
9.177011461244171109e-01
9.176752907801026815e-01
9.176492793726551689e-01
9.176231119314319784e-01
9.175967884859651535e-01
9.175703090659614869e-01
9.175436737013027422e-01
9.175168824220450992e-01
9.174899352584195977e-01
9.174628322408319159e-01
9.174355733998620366e-01
9.174081587662646919e-01
9.173805883709686970e-01
9.173528622450775050e-01
9.173249804198688739e-01
9.172969429267945340e-01
9.172687497974805204e-01
9.172404010637272842e-01
9.172118967575089155e-01
9.171832369109736982e-01
9.171544215564437774e-01
9.171254507264154920e-01
9.170963244535585979e-01
9.170670427707166006e-01
9.170376057109070889e-01
9.170080133073210682e-01
9.169782655933229609e-01
9.169483626024510503e-01
9.169183043684168144e-01
9.168880909251049260e-01
9.168577223065739190e-01
9.168271985470550778e-01
9.167965196809533257e-01
9.167656857428461148e-01
9.167346967674847580e-01
9.167035527897927638e-01
9.166722538448670576e-01
9.166407999679774266e-01
9.166091911945661863e-01
9.165774275602485144e-01
9.165455091008123389e-01
9.165134358522181168e-01
9.164812078505988335e-01
9.164488251322600032e-01
9.164162877336794466e-01
9.163835956915071801e-01
9.163507490425658597e-01
9.163177478238500040e-01
9.162845920725264381e-01
9.162512818259337388e-01
9.162178171215829003e-01
9.161841979971565575e-01
9.161504244905092076e-01
9.161164966396670994e-01
9.160824144828281224e-01
9.160481780583620282e-01
9.160137874048099871e-01
9.159792425608845878e-01
9.159445435654698375e-01
9.159096904576211617e-01
9.158746832765651824e-01
9.158395220616997179e-01
9.158042068525935608e-01
9.157687376889870334e-01
9.157331146107907660e-01
9.156973376580868074e-01
9.156614068711275145e-01
9.156253222903365518e-01
9.155890839563078920e-01
9.155526919098061489e-01
9.155161461917664667e-01
9.154794468432942978e-01
9.154425939056658468e-01
9.154055874203271825e-01
9.153684274288946821e-01
9.153311139731550305e-01
9.152936470950646664e-01
9.152560268367502250e-01
9.152182532405079840e-01
9.151803263488045292e-01
9.151422462042755335e-01
9.151040128497267556e-01
9.150656263281334857e-01
9.150270866826402116e-01
9.149883939565612856e-01
9.149495481933798136e-01
9.149105494367486546e-01
9.148713977304896439e-01
9.148320931185935923e-01
9.147926356452205088e-01
9.147530253546993784e-01
9.147132622915274958e-01
9.146733465003715757e-01
9.146332780260664208e-01
9.145930569136159205e-01
9.145526832081922741e-01
9.145121569551357688e-01
9.144714781999556674e-01
9.144306469883287658e-01
9.143896633661006135e-01
9.143485273792845147e-01
9.143072390740618616e-01
9.142657984967818008e-01
9.142242056939615669e-01
9.141824607122858160e-01
9.141405635986070699e-01
9.140985143999453832e-01
9.140563131634880101e-01
9.140139599365899592e-01
9.139714547667733280e-01
9.139287977017273024e-01
9.138859887893084899e-01
9.138430280775402537e-01
9.137999156146128232e-01
9.137566514488837388e-01
9.137132356288766299e-01
9.136696682032822148e-01
9.136259492209577449e-01
9.135820787309267832e-01
9.135380567823794262e-01
9.134938834246720818e-01
9.134495587073272471e-01
9.134050826800333978e-01
9.133604553926453207e-01
9.133156768951836701e-01
9.132707472378347457e-01
9.132256664709508254e-01
9.131804346450493881e-01
9.131350518108141134e-01
9.130895180190935490e-01
9.130438333209018875e-01
9.129979977674185232e-01
9.129520114099880512e-01
9.129058743001200460e-01
9.128595864894890610e-01
9.128131480299348510e-01
9.127665589734613727e-01
9.127198193722376729e-01
9.126729292785973335e-01
9.126258887450382495e-01
9.125786978242229619e-01
9.125313565689779916e-01
9.124838650322943945e-01
9.124362232673270956e-01
9.123884313273952218e-01
9.123404892659814358e-01
9.122923971367324913e-01
9.122441549934586780e-01
9.121957628901340431e-01
9.121472208808961701e-01
9.120985290200457341e-01
9.120496873620469458e-01
9.120006959615271080e-01
9.119515548732767263e-01
9.119022641522491757e-01
9.118528238535607011e-01
9.118032340324904172e-01
9.117534947444801974e-01
9.117036060451342294e-01
9.116535679902193490e-01
9.116033806356649283e-01
9.115530440375620991e-01
9.115025582521647518e-01
9.114519233358884254e-01
9.114011393453105292e-01
9.113502063371708983e-01
9.112991243683704612e-01
9.112478934959721277e-01
9.111965137772002343e-01
9.111449852694406548e-01
9.110933080302403564e-01
9.110414821173076216e-01
9.109895075885118265e-01
9.109373845018835514e-01
9.108851129156138038e-01
9.108326928880547957e-01
9.107801244777191663e-01
9.107274077432803150e-01
9.106745427435717355e-01
9.106215295375876817e-01
9.105683681844822797e-01
9.105150587435699716e-01
9.104616012743254050e-01
9.104079958363824332e-01
9.103542424895355589e-01
9.103003412937383798e-01
9.102462923091042546e-01
9.101920955959059700e-01
9.101377512145758519e-01
9.100832592257048770e-01
9.100286196900437830e-01
9.099738326685020695e-01
9.099188982221479982e-01
9.098638164122088146e-01
9.098085873000704149e-01
9.097532109472769024e-01
9.096976874155312531e-01
9.096420167666945389e-01
9.095861990627861493e-01
9.095302343659834587e-01
9.094741227386218263e-01
9.094178642431945958e-01
9.093614589423526517e-01
9.093049068989046413e-01
9.092482081758166412e-01
9.091913628362124911e-01
9.091343709433725717e-01
9.090772325607350268e-01
9.090199477518948745e-01
9.089625165806040075e-01
9.089049391107711928e-01
9.088472154064618502e-01
9.087893455318978297e-01
9.087313295514578559e-01
9.086731675296764177e-01
9.086148595312446563e-01
9.085564056210094774e-01
9.084978058639741061e-01
9.084390603252971985e-01
9.083801690702935083e-01
9.083211321644333314e-01
9.082619496733422837e-01
9.082026216628014126e-01
9.081431481987469745e-01
9.080835293472706571e-01
9.080237651746185801e-01
9.079638557471922944e-01
9.079038011315476719e-01
9.078436013943955718e-01
9.077832566026011740e-01
9.077227668231838686e-01
9.076621321233178108e-01
9.076013525703305884e-01
9.075404282317044435e-01
9.074793591750751620e-01
9.074181454682325176e-01
9.073567871791194950e-01
9.072952843758331776e-01
9.072336371266234156e-01
9.071718454998938252e-01
9.071099095642010113e-01
9.070478293882542342e-01
9.069856050409159653e-01
9.069232365912015537e-01
9.068607241082786707e-01
9.067980676614675328e-01
9.067352673202410118e-01
9.066723231542237471e-01
9.066092352331929227e-01
9.065460036270773792e-01
9.064826284059579464e-01
9.064191096400671110e-01
9.063554473997891270e-01
9.062916417556595716e-01
9.062276927783653457e-01
9.061636005387445625e-01
9.060993651077864364e-01
9.060349865566309502e-01
9.059704649565691881e-01
9.059058003790428915e-01
9.058409928956440149e-01
9.057760425781151703e-01
9.057109494983492937e-01
9.056457137283893122e-01
9.055803353404281442e-01
9.055148144068088101e-01
9.054491510000239884e-01
9.053833451927157938e-01
9.053173970576762208e-01
9.052513066678460341e-01
9.051850740963156561e-01
9.051186994163245014e-01
9.050521827012607545e-01
9.049855240246615917e-01
9.049187234602129593e-01
9.048517810817489071e-01
9.047846969632523662e-01
9.047174711788543711e-01
9.046501038028337272e-01
9.045825949096177876e-01
9.045149445737814542e-01
9.044471528700473995e-01
9.043792198732858445e-01
9.043111456585145591e-01
9.042429303008985286e-01
9.041745738757497319e-01
9.041060764585275855e-01
9.040374381248379443e-01
9.039686589504336567e-01
9.038997390112144537e-01
9.038306783832258384e-01
9.037614771426603077e-01
9.036921353658560196e-01
9.036226531292976816e-01
9.035530305096154402e-01
9.034832675835855476e-01
9.034133644281299169e-01
9.033433211203154567e-01
9.032731377373550696e-01
9.032028143566064315e-01
9.031323510555722134e-01
9.030617479119005253e-01
9.029910050033835844e-01
9.029201224079588251e-01
9.028491002037077884e-01
9.027779384688563447e-01
9.027066372817750262e-01
9.026351967209778060e-01
9.025636168651230973e-01
9.024918977930127539e-01
9.024200395835921817e-01
9.023480423159506714e-01
9.022759060693206212e-01
9.022036309230774265e-01
9.021312169567398120e-01
9.020586642499692775e-01
9.019859728825702083e-01
9.019131429344893203e-01
9.018401744858162150e-01
9.017670676167821586e-01
9.016938224077614139e-01
9.016204389392694640e-01
9.015469172919643448e-01
9.014732575466450903e-01
9.013994597842530654e-01
9.013255240858706330e-01
9.012514505327213765e-01
9.011772392061703219e-01
9.011028901877231601e-01
9.010284035590268026e-01
9.009537794018682710e-01
9.008790177981755853e-01
9.008041188300170976e-01
9.007290825796011591e-01
9.006539091292764532e-01
9.005785985615315514e-01
9.005031509589946914e-01
9.004275664044336658e-01
9.003518449807561552e-01
9.002759867710086183e-01
9.001999918583772908e-01
9.001238603261867421e-01
9.000475922579012078e-01
8.999711877371228130e-01
8.998946468475927940e-01
8.998179696731908317e-01
8.997411562979344968e-01
8.996642068059796937e-01
8.995871212816204388e-01
8.995098998092881937e-01
8.994325424735523100e-01
8.993550493591193629e-01
8.992774205508338170e-01
8.991996561336768057e-01
8.991217561927665747e-01
8.990437208133583713e-01
8.989655500808442223e-01
8.988872440807524899e-01
8.988088028987479827e-01
8.987302266206320667e-01
8.986515153323416660e-01
8.985726691199501515e-01
8.984936880696663408e-01
8.984145722678349433e-01
8.983353218009360042e-01
8.982559367555845720e-01
8.981764172185313644e-01
8.980967632766618802e-01
8.980169750169963994e-01
8.979370525266896497e-01
8.978569958930315842e-01
8.977768052034458268e-01
8.976964805454904495e-01
8.976160220068575279e-01
8.975354296753731420e-01
8.974547036389969312e-01
8.973738439858222060e-01
8.972928508040756146e-01
8.972117241821170319e-01
8.971304642084395597e-01
8.970490709716689715e-01
8.969675445605640451e-01
8.968858850640158975e-01
8.968040925710484279e-01
8.967221671708174302e-01
8.966401089526111479e-01
8.965579180058494968e-01
8.964755944200843985e-01
8.963931382849992247e-01
8.963105496904089087e-01
8.962278287262597232e-01
8.961449754826289471e-01
8.960619900497248658e-01
8.959788725178867708e-01
8.958956229775842939e-01
8.958122415194177401e-01
8.957287282341177548e-01
8.956450832125448791e-01
8.955613065456899946e-01
8.954773983246735458e-01
8.953933586407458733e-01
8.953091875852865478e-01
8.952248852498045917e-01
8.951404517259382576e-01
8.950558871054545840e-01
8.949711914802498391e-01
8.948863649423484112e-01
8.948014075839036963e-01
8.947163194971970990e-01
8.946311007746382549e-01
8.945457515087648082e-01
8.944602717922423007e-01
8.943746617178638392e-01
8.942889213785502056e-01
8.942030508673491918e-01
8.941170502774360429e-01
8.940309197021127918e-01
8.939446592348083698e-01
8.938582689690783845e-01
8.937717489986050090e-01
8.936850994171965379e-01
8.935983203187873869e-01
8.935114117974383152e-01
8.934243739473355372e-01
8.933372068627907225e-01
8.932499106382417731e-01
8.931624853682509357e-01
8.930749311475063568e-01
8.929872480708207494e-01
8.928994362331315049e-01
8.928114957295008036e-01
8.927234266551156150e-01
8.926352291052863652e-01
8.925469031754482696e-01
8.924584489611602223e-01
8.923698665581047962e-01
8.922811560620882432e-01
8.921923175690402719e-01
8.921033511750136036e-01
8.920142569761844165e-01
8.919250350688512352e-01
8.918356855494358193e-01
8.917462085144820527e-01
8.916566040606566101e-01
8.915668722847480687e-01
8.914770132836670191e-01
8.913870271544459545e-01
8.912969139942390484e-01
8.912066739003221549e-01
8.911163069700920314e-01
8.910258133010668935e-01
8.909351929908857493e-01
8.908444461373088430e-01
8.907535728382163231e-01
8.906625731916093525e-01
8.905714472956092198e-01
8.904801952484571181e-01
8.903888171485143666e-01
8.902973130942619662e-01
8.902056831843003781e-01
8.901139275173497456e-01
8.900220461922490056e-01
8.899300393079563332e-01
8.898379069635489191e-01
8.897456492582224152e-01
8.896532662912909339e-01
8.895607581621870485e-01
8.894681249704614601e-01
8.893753668157828862e-01
8.892824837979375063e-01
8.891894760168295164e-01
8.890963435724804631e-01
8.890030865650289105e-01
8.889097050947305512e-01
8.888161992619580953e-01
8.887225691672011596e-01
8.886288149110653789e-01
8.885349365942730726e-01
8.884409343176626894e-01
8.883468081821886964e-01
8.882525582889211346e-01
8.881581847390461748e-01
8.880636876338648955e-01
8.879690670747938386e-01
8.878743231633647870e-01
8.877794560012242098e-01
8.876844656901334840e-01
8.875893523319683398e-01
8.874941160287190822e-01
8.873987568824900363e-01
8.873032749954994358e-01
8.872076704700796457e-01
8.871119434086763844e-01
8.870160939138489464e-01
8.869201220882696468e-01
8.868240280347243765e-01
8.867278118561114919e-01
8.866314736554421483e-01
8.865350135358402994e-01
8.864384316005419207e-01
8.863417279528951198e-01
8.862449026963603593e-01
8.861479559345095680e-01
8.860508877710264741e-01
8.859536983097060503e-01
8.858563876544545135e-01
8.857589559092895470e-01
8.856614031783391905e-01
8.855637295658423946e-01
8.854659351761485775e-01
8.853680201137175132e-01
8.852699844831191101e-01
8.851718283890330774e-01
8.850735519362491477e-01
8.849751552296665214e-01
8.848766383742934227e-01
8.847780014752479882e-01
8.846792446377567121e-01
8.845803679671551123e-01
8.844813715688877309e-01
8.843822555485070236e-01
8.842830200116738038e-01
8.841836650641573536e-01
8.840841908118344250e-01
8.839845973606896834e-01
8.838848848168151529e-01
8.837850532864104380e-01
8.836851028757818360e-01
8.835850336913431136e-01
8.834848458396147297e-01
8.833845394272230589e-01
8.832841145609017230e-01
8.831835713474900373e-01
8.830829098939335653e-01
8.829821303072833416e-01
8.828812326946965383e-01
8.827802171634353545e-01
8.826790838208671275e-01
8.825778327744648877e-01
8.824764641318059155e-01
8.823749780005724075e-01
8.822733744885510321e-01
8.821716537036328187e-01
8.820698157538127138e-01
8.819678607471898024e-01
8.818657887919667537e-01
8.817635999964497096e-01
8.816612944690485065e-01
8.815588723182755659e-01
8.814563336527467818e-01
8.813536785811806329e-01
8.812509072123978493e-01
8.811480196553223010e-01
8.810450160189792213e-01
8.809418964124964280e-01
8.808386609451031024e-01
8.807353097261305663e-01
8.806318428650111718e-01
8.805282604712785233e-01
8.804245626545674774e-01
8.803207495246134773e-01
8.802168211912526630e-01
8.801127777644218719e-01
8.800086193541580837e-01
8.799043460705979758e-01
8.797999580239788120e-01
8.796954553246369990e-01
8.795908380830084194e-01
8.794861064096286540e-01
8.793812604151320933e-01
8.792763002102521597e-01
8.791712259058206413e-01
8.790660376127683584e-01
8.789607354421242746e-01
8.788553195050151645e-01
8.787497899126661682e-01
8.786441467763999036e-01
8.785383902076366880e-01
8.784325203178939834e-01
8.783265372187867293e-01
8.782204410220263435e-01
8.781142318394214996e-01
8.780079097828772383e-01
8.779014749643946347e-01
8.777949274960714643e-01
8.776882674901013148e-01
8.775814950587733643e-01
8.774746103144726028e-01
8.773676133696790558e-01
8.772605043369685607e-01
8.771532833290112130e-01
8.770459504585723653e-01
8.769385058385119613e-01
8.768309495817842025e-01
8.767232818014374374e-01
8.766155026106142722e-01
8.765076121225507944e-01
8.763996104505769047e-01
8.762914977081157630e-01
8.761832740086841209e-01
8.760749394658913225e-01
8.759664941934397486e-01
8.758579383051242617e-01
8.757492719148323168e-01
8.756404951365432954e-01
8.755316080843289495e-01
8.754226108723525135e-01
8.753135036148693704e-01
8.752042864262257194e-01
8.750949594208592419e-01
8.749855227132988800e-01
8.748759764181640586e-01
8.747663206501647970e-01
8.746565555241020418e-01
8.745466811548663344e-01
8.744366976574386996e-01
8.743266051468897571e-01
8.742164037383798325e-01
8.741060935471587356e-01
8.739956746885653160e-01
8.738851472780275742e-01
8.737745114310626615e-01
8.736637672632755480e-01
8.735529148903604657e-01
8.734419544280993541e-01
8.733308859923624157e-01
8.732197096991076712e-01
8.731084256643804054e-01
8.729970340043140542e-01
8.728855348351283183e-01
8.727739282731309389e-01
8.726622144347155885e-01
8.725503934363630920e-01
8.724384653946404278e-01
8.723264304262009494e-01
8.722142886477839419e-01
8.721020401762145102e-01
8.719896851284032468e-01
8.718772236213463422e-01
8.717646557721251410e-01
8.716519816979058088e-01
8.715392015159395545e-01
8.714263153435617415e-01
8.713133232981929988e-01
8.712002254973372217e-01
8.710870220585825718e-01
8.709737130996011434e-01
8.708602987381486304e-01
8.707467790920639938e-01
8.706331542792693501e-01
8.705194244177696383e-01
8.704055896256528424e-01
8.702916500210893247e-01
8.701776057223320482e-01
8.700634568477155772e-01
8.699492035156570768e-01
8.698348458446550913e-01
8.697203839532897662e-01
8.696058179602225158e-01
8.694911479841960222e-01
8.693763741440339032e-01
8.692614965586402676e-01
8.691465153469999372e-01
8.690314306281780032e-01
8.689162425213197150e-01
8.688009511456501466e-01
8.686855566204740864e-01
8.685700590651759256e-01
8.684544585992191035e-01
8.683387553421462179e-01
8.682229494135791370e-01
8.681070409332176663e-01
8.679910300208406593e-01
8.678749167963051292e-01
8.677587013795459159e-01
8.676423838905759078e-01
8.675259644494857092e-01
8.674094431764430846e-01
8.672928201916931812e-01
8.671760956155583067e-01
8.670592695684372631e-01
8.669423421708057909e-01
8.668253135432160139e-01
8.667081838062958843e-01
8.665909530807497374e-01
8.664736214873576259e-01
8.663561891469750975e-01
8.662386561805330842e-01
8.661210227090375691e-01
8.660032888535698081e-01
8.658854547352856645e-01
8.657675204754153864e-01
8.656494861952638287e-01
8.655313520162097873e-01
8.654131180597058881e-01
8.652947844472789196e-01
8.651763513005286121e-01
8.650578187411284148e-01
8.649391868908248293e-01
8.648204558714369661e-01
8.647016258048568771e-01
8.645826968130491119e-01
8.644636690180502736e-01
8.643445425419691297e-01
8.642253175069862792e-01
8.641059940353541524e-01
8.639865722493963451e-01
8.638670522715077293e-01
8.637474342241543424e-01
8.636277182298730537e-01
8.635079044112707880e-01
8.633879928910257462e-01
8.632679837918857402e-01
8.631478772366685259e-01
8.630276733482620255e-01
8.629073722496232168e-01
8.627869740637789109e-01
8.626664789138246414e-01
8.625458869229252201e-01
8.624251982143139594e-01
8.623044129112926726e-01
8.621835311372318955e-01
8.620625530155695548e-01
8.619414786698120778e-01
8.618203082235331713e-01
8.616990418003742658e-01
8.615776795240438490e-01
8.614562215183177996e-01
8.613346679070383871e-01
8.612130188141149389e-01
8.610912743635228406e-01
8.609694346793038688e-01
8.608474998855658589e-01
8.607254701064823710e-01
8.606033454662924687e-01
8.604811260893006075e-01
8.603588120998766353e-01
8.602364036224552368e-01
8.601139007815356008e-01
8.599913037016817530e-01
8.598686125075218900e-01
8.597458273237483795e-01
8.596229482751174267e-01
8.594999754864491859e-01
8.593769090826268719e-01
8.592537491885973155e-01
8.591304959293702970e-01
8.590071494300184352e-01
8.588837098156769656e-01
8.587601772115436294e-01
8.586365517428784511e-01
8.585128335350031836e-01
8.583890227133016415e-01
8.582651194032191455e-01
8.581411237302625228e-01
8.580170358199996627e-01
8.578928557980591840e-01
8.577685837901309895e-01
8.576442199219649343e-01
8.575197643193716024e-01
8.573952171082215301e-01
8.572705784144452057e-01
8.571458483640327364e-01
8.570210270830338484e-01
8.568961146975574428e-01
8.567711113337714846e-01
8.566460171179027805e-01
8.565208321762368682e-01
8.563955566351175719e-01
8.562701906209468916e-01
8.561447342601852251e-01
8.560191876793501464e-01
8.558935510050175166e-01
8.557678243638198179e-01
8.556420078824471531e-01
8.555161016876466906e-01
8.553901059062219980e-01
8.552640206650332644e-01
8.551378460909969670e-01
8.550115823110857605e-01
8.548852294523282547e-01
8.547587876418085706e-01
8.546322570066664515e-01
8.545056376740968185e-01
8.543789297713494379e-01
8.542521334257293653e-01
8.541252487645958347e-01
8.539982759153625924e-01
8.538712150054978967e-01
8.537440661625235183e-01
8.536168295140154072e-01
8.534895051876026928e-01
8.533620933109682394e-01
8.532345940118477579e-01
8.531070074180298057e-01
8.529793336573562312e-01
8.528515728577206190e-01
8.527237251470694002e-01
8.525957906534007424e-01
8.524677695047649939e-01
8.523396618292637950e-01
8.522114677550503004e-01
8.520831874103294012e-01
8.519548209233562819e-01
8.518263684224371968e-01
8.516978300359292486e-01
8.515692058922396113e-01
8.514404961198256405e-01
8.513117008471948743e-01
8.511828202029043666e-01
8.510538543155607982e-01
8.509248033138200329e-01
8.507956673263872283e-01
8.506664464820163918e-01
8.505371409095101587e-01
8.504077507377195699e-01
8.502782760955440722e-01
8.501487171119310737e-01
8.500190739158756115e-01
8.498893466364207949e-01
8.497595354026569181e-01
8.496296403437212374e-01
8.494996615887981939e-01
8.493695992671193018e-01
8.492394535079619278e-01
8.491092244406501788e-01
8.489789121945545691e-01
8.488485168990911323e-01
8.487180386837216428e-01
8.485874776779536166e-01
8.484568340113394225e-01
8.483261078134768374e-01
8.481952992140084913e-01
8.480644083426214230e-01
8.479334353290475246e-01
8.478023803030623196e-01
8.476712433944857406e-01
8.475400247331814629e-01
8.474087244490566828e-01
8.472773426720618950e-01
8.471458795321908930e-01
8.470143351594805470e-01
8.468827096840098045e-01
8.467510032359009120e-01
8.466192159453180821e-01
8.464873479424674940e-01
8.463553993575972934e-01
8.462233703209974811e-01
8.460912609629993586e-01
8.459590714139754164e-01
8.458268018043391123e-01
8.456944522645450935e-01
8.455620229250881970e-01
8.454295139165037831e-01
8.452969253693675133e-01
8.451642574142949060e-01
8.450315101819412256e-01
8.448986838030011493e-01
8.447657784082089893e-01
8.446327941283380270e-01
8.444997310942004010e-01
8.443665894366468860e-01
8.442333692865668926e-01
8.441000707748881338e-01
8.439666940325760702e-01
8.438332391906342433e-01
8.436997063801039420e-01
8.435660957320634257e-01
8.434324073776287012e-01
8.432986414479523019e-01
8.431647980742238424e-01
8.430308773876694639e-01
8.428968795195515007e-01
8.427628046011685914e-01
8.426286527638551238e-01
8.424944241389814570e-01
8.423601188579532550e-01
8.422257370522114872e-01
8.420912788532324278e-01
8.419567443925268790e-01
8.418221338016403932e-01
8.416874472121531614e-01
8.415526847556795698e-01
8.414178465638677551e-01
8.412829327683998271e-01
8.411479435009916461e-01
8.410128788933921573e-01
8.408777390773838345e-01
8.407425241847816810e-01
8.406072343474337849e-01
8.404718696972206526e-01
8.403364303660549872e-01
8.402009164858817991e-01
8.400653281886780732e-01
8.399296656064521027e-01
8.397939288712439332e-01
8.396581181151248074e-01
8.395222334701972766e-01
8.393862750685940899e-01
8.392502430424794158e-01
8.391141375240471767e-01
8.389779586455217153e-01
8.388417065391576832e-01
8.387053813372390421e-01
8.385689831720795073e-01
8.384325121760223265e-01
8.382959684814396129e-01
8.381593522207324565e-01
8.380226635263309243e-01
8.378859025306932828e-01
8.377490693663062205e-01
8.376121641656846251e-01
8.374751870613710292e-01
8.373381381859359429e-01
8.372010176719767438e-01
8.370638256521188980e-01
8.369265622590142950e-01
8.367892276253416917e-01
8.366518218838066012e-01
8.365143451671408492e-01
8.363767976081026845e-01
8.362391793394760020e-01
8.361014904940705650e-01
8.359637312047217828e-01
8.358259016042903777e-01
8.356880018256620524e-01
8.355500320017474891e-01
8.354119922654823505e-01
8.352738827498262797e-01
8.351357035877637891e-01
8.349974549123031498e-01
8.348591368564763915e-01
8.347207495533394139e-01
8.345822931359714314e-01
8.344437677374749729e-01
8.343051734909756600e-01
8.341665105296216520e-01
8.340277789865839786e-01
8.338889789950559850e-01
8.337501106882531099e-01
8.336111741994128854e-01
8.334721696617946041e-01
8.333330972086789856e-01
8.331939569733679551e-01
8.330547490891853091e-01
8.329154736894747169e-01
8.327761309076012752e-01
8.326367208769502870e-01
8.324972437309277051e-01
8.323576996029589115e-01
8.322180886264896049e-01
8.320784109349854685e-01
8.319386666619307258e-01
8.317988559408295846e-01
8.316589789052051263e-01
8.315190356885990841e-01
8.313790264245718431e-01
8.312389512467024399e-01
8.310988102885876749e-01
8.309586036838427781e-01
8.308183315661005208e-01
8.306779940690111053e-01
8.305375913262424969e-01
8.303971234714793148e-01
8.302565906384233863e-01
8.301159929607935251e-01
8.299753305723244212e-01
8.298346036067676401e-01
8.296938121978905123e-01
8.295529564794765776e-01
8.294120365853248078e-01
8.292710526492496070e-01
8.291300048050809224e-01
8.289888931866633559e-01
8.288477179278569418e-01
8.287064791625357030e-01
8.285651770245885395e-01
8.284238116479183400e-01
8.282823831664423153e-01
8.281408917140911097e-01
8.279993374248091342e-01
8.278577204325543448e-01
8.277160408712975759e-01
8.275742988750228735e-01
8.274324945777269402e-01
8.272906281134189133e-01
8.271486996161208083e-01
8.270067092198660763e-01
8.268646570587004918e-01
8.267225432666817087e-01
8.265803679778784829e-01
8.264381313263713391e-01
8.262958334462514598e-01
8.261534744716212408e-01
8.260110545365937362e-01
8.258685737752922140e-01
8.257260323218507114e-01
8.255834303104129246e-01
8.254407678751325417e-01
8.252980451501727988e-01
8.251552622697068129e-01
8.250124193679162499e-01
8.248695165789925454e-01
8.247265540371353509e-01
8.245835318765534216e-01
8.244404502314635064e-01
8.242973092360910137e-01
8.241541090246689016e-01
8.240108497314382330e-01
8.238675314906477309e-01
8.237241544365531132e-01
8.235807187034176469e-01
8.234372244255113715e-01
8.232936717371113211e-01
8.231500607725008578e-01
8.230063916659695611e-01
8.228626645518137828e-01
8.227188795643354258e-01
8.225750368378418331e-01
8.224311365066463431e-01
8.222871787050674008e-01
8.221431635674287808e-01
8.219990912280591422e-01
8.218549618212914742e-01
8.217107754814638731e-01
8.215665323429180988e-01
8.214222325400006852e-01
8.212778762070616079e-01
8.211334634784546171e-01
8.209889944885370161e-01
8.208444693716694385e-01
8.206998882622154046e-01
8.205552512945415433e-01
8.204105586030170372e-01
8.202658103220135111e-01
8.201210065859048104e-01
8.199761475290670010e-01
8.198312332858780360e-01
8.196862639907172010e-01
8.195412397779655578e-01
