# pop0 	 pop1 	 pop2 	 pop3 	 pop4 	 pop5 	 pop6 	 pop7 	 pop8 	 pop9
9.165879590047167069e-02	7.710513870449649254e-02	1.227943625667624883e-01	9.402093541920365782e-02	8.297144156015305583e-02	1.002115973637974916e-01	9.378034491779679849e-02	8.263298706489963230e-02	7.669078168547252550e-02	1.186584380902247493e-01
3.372468450878290391e-01	2.854499196341978018e-01	2.383039752329049465e-01	2.451671587520194706e-01	2.574995341381431380e-01	2.809727387191093828e-01	2.833203396430415966e-01	2.894291509403141838e-01	2.549967218430628790e-01	2.475431603336891162e-01
5.330220623315951034e-01	5.013330253158582162e-01	5.164818294597939285e-01	5.111952256358696101e-01	5.412946439329224813e-01	5.171067589452463809e-01	5.807738981449340754e-01	5.151226503895727227e-01	5.190977298764616332e-01	5.627000714699015305e-01
7.523778519375509122e-01	7.679420483420712484e-01	7.710517939257830466e-01	7.441451373331757768e-01	7.651015707037814861e-01	7.814384256596768052e-01	8.423939989134421324e-01	7.528171400404312097e-01	7.824403471463754478e-01	8.017052530943999944e-01
9.245233346635498561e-01	9.365587238122886626e-01	8.941578142369220883e-01	9.315028504964779632e-01	9.190694716896632421e-01	9.345042229463204064e-01	9.408069845141296961e-01	9.103058154209182629e-01	9.269696071955245698e-01	9.109931841444762757e-01
9.089564238596393730e-01	9.090234069799072447e-01	9.160704687148636394e-01	9.111697680887331785e-01	9.124185969612339520e-01	9.099717227699055666e-01	8.757211652447771666e-01	9.294707336377883156e-01	9.065902078900982541e-01	8.641888579079184396e-01
7.562394665700139518e-01	7.314594178124123047e-01	7.780794686264432825e-01	7.856351762490747515e-01	7.373643263641526113e-01	6.977652123438137233e-01	6.170672521870588234e-01	7.713782399838633452e-01	7.550892270745374057e-01	6.565108716276846224e-01
3.250759990892022055e-01	4.104803540413682894e-01	5.682998587217745756e-01	5.713877962807977218e-01	4.585904108448505823e-01	4.776997281545796170e-01	3.899575459860114002e-01	4.891995309450496987e-01	4.502919036403376651e-01	3.664831083559950686e-01
2.231329492900940847e-01	1.846150041370399897e-01	3.001930142423118730e-01	3.068086654136130131e-01	2.273776426375918036e-01	1.623001824738730114e-01	1.537618651912993351e-01	3.230849607869915041e-01	2.207141434050977347e-01	1.845087996195349522e-01
7.273408721873884930e-02	1.228656555170560410e-01	7.173557335864853834e-02	9.395113396214203882e-02	9.105369203022131708e-02	5.973473578012363644e-02	6.280147155759542577e-02	1.016409623174192867e-01	5.957788569320601746e-02	5.030850572221318151e-02
1.247236994991976350e-01	5.725702854837189798e-02	8.053661349314340800e-02	8.385959764725614551e-02	6.475960168028645214e-02	9.872439534227003821e-02	1.153757106839659180e-01	6.766166199066420139e-02	1.328796319773281054e-01	1.443998086083368992e-01
2.077780091845260746e-01	2.345510636508403024e-01	1.845812550250484907e-01	1.440755912926953153e-01	2.102162314067808901e-01	2.911948684395398446e-01	3.816270485768765708e-01	1.677721141244407077e-01	2.308739988682123045e-01	3.445325435403734371e-01
5.341309890812345751e-01	4.174432371439758538e-01	4.848879700632764966e-01	3.790935846817912735e-01	4.696237784405202786e-01	4.730911679145540782e-01	7.115128488183326549e-01	4.448539634844407287e-01	5.653920093351270104e-01	6.723656692280387537e-01
7.123921854281037858e-01	6.044082083557966723e-01	6.259539906804461040e-01	7.101421615435941082e-01	7.877247763707068140e-01	8.405793420168437002e-01	8.532702915468540761e-01	5.759653676281294432e-01	7.866970792517293809e-01	7.925962750726227579e-01
9.179688638664649236e-01	8.817317182578061630e-01	8.602144653868496471e-01	8.906443670231912746e-01	9.030231132865942367e-01	9.293242870463580552e-01	9.138514079503037291e-01	8.813794288097781537e-01	8.906709312508814813e-01	0.000000000000000000e+00
8.817609717546442960e-01	9.161397639933370751e-01	8.962111077798773362e-01	9.161984639821164622e-01	9.059366571248624878e-01	8.040722272832651063e-01	8.322753934708526646e-01	9.276463352909450899e-01	8.934494645354925657e-01	8.026413517875095049e-01
7.479651592634048995e-01	7.950890824915709532e-01	8.824813585527404580e-01	7.963732520741092502e-01	6.908555813132806200e-01	6.414479546480081895e-01	5.573546359603757105e-01	8.647829401458269061e-01	7.792903576696561530e-01	6.540074321046015493e-01
5.228180153655418438e-01	6.160227913290113877e-01	5.769121837678469200e-01	5.809039875438771761e-01	5.827934717472319504e-01	3.329080739384312482e-01	4.025614747454499542e-01	6.580994376531298373e-01	4.406644732891623617e-01	4.548550583647041901e-01
2.744293751407144155e-01	2.857213736043521801e-01	3.586372216657378043e-01	3.228261614881416386e-01	1.423868218889574877e-01	2.048243448521578636e-01	8.122204421390244455e-02	4.268791705159122873e-01	2.842461946594755373e-01	1.345960825001109307e-01
1.126084054070765200e-01	1.353780956811799219e-01	1.537463295928667706e-01	2.193238995892489440e-01	8.322688950105856798e-02	7.531373928500953441e-02	1.103950832240398472e-01	1.489229491966587438e-01	1.568098878041305488e-01	1.007683904682593473e-01
9.662800295504835046e-02	8.457332984628387895e-02	8.803380638563922111e-02	7.827798871691997451e-02	8.438082822957110318e-02	1.538003865942583204e-01	2.439203140970516437e-01	8.210578676870156078e-02	1.288634591888516423e-01	1.856492764460735134e-01
2.668971171957067456e-01	1.688189037022749250e-01	1.340650860737066519e-01	1.109635092028251890e-01	1.850902190945639125e-01	2.367581152976912517e-01	4.444306208083582677e-01	2.181409025055970063e-01	3.531413993138748930e-01	5.361482580662110253e-01
7.157271524100259352e-01	2.997842776222989780e-01	3.173259533263442234e-01	3.037773361203095490e-01	4.569425497283586268e-01	5.046717450842284070e-01	6.682983549266215961e-01	3.209435047232245264e-01	5.673206017892711284e-01	6.856028256350483741e-01
7.966398045465669098e-01	5.864717364240488173e-01	6.222055669402456468e-01	5.425147275440209693e-01	6.197792970149311742e-01	8.439616515367724947e-01	8.693966565722039963e-01	6.328610971647843364e-01	7.299598921830067200e-01	8.801018486349099224e-01
8.897278481154528018e-01	8.381256200934662504e-01	6.657533287083895468e-01	8.081427359506327956e-01	9.011115509215882335e-01	8.970168170346166647e-01	8.955952052757458759e-01	6.563175464383020907e-01	8.520534972298616783e-01	8.551264681830793579e-01
8.811810373268258445e-01	8.912886224843675764e-01	8.880528837746095583e-01	8.867465565644137016e-01	8.161262745036209632e-01	7.406673844825605313e-01	8.149934686846715959e-01	8.745525852776859788e-01	8.995013133814803163e-01	8.573650934628004316e-01
8.260579914456606110e-01	6.983143610939065438e-01	8.512868677526618244e-01	7.703896808143952946e-01	8.051618841917537184e-01	4.560111736244197855e-01	4.565254731637686247e-01	8.454644539829564431e-01	8.072632234472076895e-01	6.075768262732937908e-01
2.820964095644712399e-01	6.495106286083034419e-01	6.456562898659725658e-01	7.311732852728747289e-01	5.444369229827455969e-01	2.439993457812280608e-01	2.139996872891571644e-01	6.922550863792845677e-01	3.821213234728969010e-01	2.318275376028375856e-01
3.345416242458862932e-01	2.807175361021930771e-01	3.377640004556129449e-01	3.303176488354257478e-01	1.257807590819042531e-01	1.108946020693234863e-01	9.516120235849709341e-02	4.685005095889337445e-01	1.949483968600907169e-01	1.739700099376474407e-01
1.517657918297675157e-01	1.652134636018139369e-01	2.973694742722070572e-01	1.368751985002530369e-01	1.125905514353617021e-01	1.547203491814832244e-01	2.465073905803601695e-01	1.775712407459494047e-01	1.334123435934577995e-01	1.273836772401282791e-01
1.099509758756465894e-01	1.538879024329445899e-01	1.152407843210607463e-01	1.168407718143498475e-01	1.197138912125330912e-01	2.061797188482429044e-01	4.113478397335360581e-01	1.166426375371118762e-01	2.258551316370159545e-01	3.566338084678870590e-01
5.622666069370512165e-01	2.819075931693419412e-01	2.216541573262581222e-01	1.457764093269754424e-01	1.623319494596656698e-01	4.122611470988059024e-01	6.729505181260146962e-01	3.502514220544540868e-01	3.988028748868050477e-01	7.282137974721598628e-01
5.609631109768544732e-01	4.053654505805005526e-01	5.250260139113629432e-01	3.556751884239674477e-01	5.541864845421410335e-01	6.423118631115614097e-01	8.255107198990632167e-01	3.267051411804164918e-01	6.883007936879492750e-01	8.482246002228729376e-01
8.506924430490120370e-01	7.064200009958785387e-01	7.436543579442452812e-01	6.002637442045486438e-01	7.853097367485764035e-01	7.607622971958075686e-01	8.304219879009123728e-01	5.857641247332582290e-01	8.029331335667032610e-01	8.337766100954339121e-01
8.610225927185789496e-01	8.433072953938191008e-01	8.405576538087120575e-01	8.475356537445495331e-01	8.586470894130620035e-01	7.987999702006869374e-01	7.214928647587852684e-01	7.289299444093102487e-01	8.158594094768519822e-01	7.771020178645078325e-01
5.402178444033073346e-01	8.597714380961853919e-01	8.581854826438855000e-01	8.664013438240707465e-01	7.151306488612790835e-01	7.592975471016684130e-01	5.978597575788791030e-01	8.595618057257219391e-01	6.322226965720592062e-01	5.496008694341861789e-01
6.100147436903021747e-01	7.008289433311627459e-01	7.174376789422765022e-01	5.989128914460469799e-01	6.568497742888587121e-01	3.804831747631321481e-01	1.949493753645709926e-01	7.486165170883146702e-01	7.079630353979688984e-01	4.177927629121207520e-01
3.162862017032277984e-01	4.041412147027568791e-01	5.335336837707425062e-01	5.145547261891119106e-01	3.172495392329641728e-01	1.337836065263476315e-01	1.416000932753256891e-01	5.913444049288812954e-01	3.718191288015804674e-01	2.219573338676046059e-01
2.449631705097613799e-01	1.745912047527477529e-01	1.642402177860182722e-01	3.478197078280374499e-01	1.391404004640781622e-01	1.431304895912478559e-01	1.889733293300952799e-01	3.305024839175248474e-01	2.325097031431768713e-01	1.595565454376246251e-01
1.428172072425123174e-01	1.244796919157150350e-01	1.374596672150467380e-01	1.323416965781222254e-01	1.279034463376178266e-01	3.129164946927503466e-01	4.761159474525972768e-01	2.152501745246991893e-01	1.450540193599543504e-01	2.498314997522996239e-01
2.252502798718951094e-01	1.862740785091263895e-01	1.292222497759992761e-01	2.191033559405252962e-01	2.960198909127247924e-01	4.526368265400313451e-01	5.425507379188960755e-01	1.381718428683749167e-01	1.860563109982050767e-01	4.966117602705132916e-01
3.862978278628296236e-01	3.903174989528386263e-01	2.387471158944433347e-01	3.419375801375056922e-01	4.687292981897300259e-01	7.635873085229182289e-01	6.700781554171105769e-01	1.252005591659393346e-01	4.849127987013811536e-01	7.916509552892516677e-01
7.029465961530256823e-01	5.171899683996284969e-01	6.253948501509564162e-01	3.854282234152973108e-01	7.343127826082269660e-01	7.945547891323438972e-01	8.412299013585136098e-01	5.036665518105729600e-01	7.977070056507570284e-01	8.257066969559888614e-01
8.531689617093901612e-01	8.293680263030521749e-01	8.177062178190047659e-01	7.026934647091337416e-01	8.079551520293462019e-01	8.576844459614662020e-01	6.693010922931711404e-01	7.626253610998021681e-01	8.464961334364015100e-01	7.828270759644518906e-01
8.481579353598713844e-01	8.563436714324403898e-01	8.124448327029109018e-01	8.453909130618121326e-01	7.060826170498851750e-01	6.502321198935386848e-01	4.611585496694610709e-01	8.487880599002389781e-01	8.515845389887388706e-01	5.069224161513969928e-01
3.604397125688922343e-01	7.207200391315065069e-01	7.101756154162436330e-01	8.491012671524016397e-01	6.531767921775343266e-01	5.944511711892698225e-01	1.895627195193347603e-01	7.212356042830897485e-01	5.376949545391368490e-01	3.432558329481291692e-01
6.586614662305929624e-01	5.745734784418271568e-01	7.495126674105557774e-01	5.039974948147032396e-01	4.144937932706064254e-01	1.463620563979153300e-01	1.501821580113351928e-01	6.130709687130724284e-01	4.924343466586695861e-01	1.581790335208716480e-01
1.400827769822458879e-01	3.209277233968890197e-01	3.599855058352179338e-01	4.239841816470277802e-01	1.772887311340615168e-01	1.704395191221319550e-01	2.038548642672340649e-01	2.751143958498473152e-01	1.962932541110677664e-01	3.866533253964571926e-01
1.492962453085494579e-01	1.581615728836180679e-01	2.669557618361755869e-01	2.145436659678685576e-01	1.370396098977578747e-01	2.863122388748093883e-01	2.761068812429467445e-01	2.129193948561370064e-01	1.320974823561137657e-01	3.319865127852310027e-01
2.810549660358465096e-01	1.415454274102537491e-01	1.688137542880902842e-01	1.596383505889364118e-01	2.872305822346274407e-01	2.279813914614621517e-01	6.648966171079114806e-01	1.379749175028955333e-01	2.036440677215627659e-01	4.672700645270064235e-01
3.391686334141257309e-01	4.402531628445441880e-01	1.923045376159874809e-01	1.539559690414983861e-01	2.650823655709265703e-01	7.035615940856220218e-01	7.695331586872008467e-01	1.950570599236521041e-01	5.461395092364519366e-01	6.063905726573310950e-01
7.634669064893222501e-01	6.437992068763565001e-01	3.715884087736519015e-01	3.636896600163994631e-01	6.050734280592353631e-01	6.325229135536805103e-01	8.429398754986043851e-01	4.316553142205746818e-01	7.996078587693349338e-01	6.349198344180391196e-01
8.258455214277530265e-01	8.088501355295081297e-01	5.515216570398721041e-01	5.539705337533089580e-01	7.277450702976230312e-01	8.456730085666420704e-01	5.646341270599923856e-01	7.029313397412911835e-01	7.871016513561170935e-01	7.861504003138625185e-01
2.399893889127992230e-01	8.373954451493169637e-01	8.305697709333403900e-01	8.576785319621034187e-01	8.412940584170240932e-01	7.097800793662188967e-01	8.284670267367791885e-01	8.344118536681170983e-01	7.079916960049014163e-01	0.000000000000000000e+00
8.194884474418655529e-01	7.998260811130087911e-01	7.648199741866787971e-01	8.467010145594175974e-01	4.400806721270282273e-01	4.685911302357298469e-01	2.192588751611939668e-01	8.218679657636387414e-01	7.167373962547080035e-01	5.043878512932851166e-01
4.849546475612854235e-01	5.189232589338058643e-01	7.140766193412112495e-01	5.409430821010855484e-01	4.609255018388271896e-01	2.514752610798403065e-01	1.454299378270626775e-01	7.980861276625516032e-01	5.129043064550870001e-01	3.484524557818397539e-01
2.538842993377237178e-01	3.028216491681035571e-01	5.782406472029361089e-01	4.217901247386983132e-01	2.552975228347380554e-01	1.428581346246164396e-01	2.753873392520900798e-01	5.922664380942530560e-01	2.933513288133416941e-01	1.530781892788065923e-01
1.536738543244817179e-01	3.697509182606792399e-01	2.922520674155206222e-01	2.240151565808597423e-01	1.447935798282425079e-01	2.251699279987561531e-01	5.049570344481192352e-01	2.389262022962085896e-01	1.492615235584868749e-01	2.218999148888535777e-01
2.064383035790759158e-01	1.985012947945630768e-01	1.515732386763761208e-01	1.475618739825758641e-01	1.453649971617304026e-01	3.523441306688570029e-01	7.162804884831600605e-01	1.451894523839520057e-01	1.667370768119539881e-01	5.488036585333614381e-01
6.584046407905832510e-01	1.544596865989543710e-01	1.702063195600060364e-01	2.144580057899816705e-01	2.168931118824352633e-01	8.063880505054936698e-01	7.231452244911402705e-01	3.067129481322194984e-01	6.809173987137995265e-01	7.934256183860889378e-01
4.133481408265215484e-01	3.487045410058112194e-01	5.019777553430474493e-01	2.812361325934373824e-01	5.368454896874388371e-01	7.592175726130422353e-01	8.361301071669640095e-01	2.324295558785988702e-01	6.451402307748093090e-01	8.232656907938733504e-01
7.351810373409847221e-01	6.924259371670594687e-01	5.627879517415305122e-01	5.959663999246701538e-01	5.523827494325873610e-01	7.618852390559186505e-01	7.531508754742779477e-01	4.422453179024247172e-01	8.261954949644251256e-01	8.277055163357861511e-01
6.022943084018020921e-01	6.694611654402559120e-01	8.320137182137733456e-01	6.719458274838564504e-01	8.388979278306117893e-01	7.456848346362890956e-01	2.625012245083364060e-01	6.794142725741192379e-01	8.326092781057937708e-01	3.403602120373299678e-01
5.701212538198395796e-01	8.444422425511889374e-01	8.355203725172900553e-01	8.395503573464557778e-01	6.988371302408385999e-01	2.198421263706267503e-01	2.559672536352929906e-01	8.189486574907529626e-01	6.435217589119387460e-01	4.371394165918209840e-01
3.346194084144423764e-01	6.618852054768700199e-01	7.484329447967000837e-01	7.993588171499093065e-01	6.255537461800336763e-01	1.857069991887157212e-01	2.054763321045285085e-01	6.809583454584513529e-01	4.003959418723959107e-01	1.491964966955718341e-01
4.021165370465004107e-01	4.835871293863692189e-01	4.956228424173638181e-01	6.486124986870439590e-01	3.147586156477195640e-01	1.496478245192132128e-01	2.903673177042759290e-01	6.051862034243864485e-01	2.906774776081473832e-01	4.082240930070402674e-01
6.388214515303138885e-01	2.231766503194809736e-01	3.559629131391698342e-01	3.370584463919146234e-01	3.626278995782258319e-01	1.583597724310133459e-01	2.717016377654404846e-01	1.889430361191806462e-01	1.564145111654806630e-01	2.981822395348511789e-01
4.591700190739527176e-01	1.461292355043916080e-01	1.833185458913439703e-01	2.096465345647180178e-01	1.463352960445239992e-01	3.622792012353243662e-01	5.116122058214164214e-01	1.531036368337653775e-01	1.613904935785639982e-01	6.697894284489698258e-01
6.251114132804955759e-01	3.072920721897411944e-01	3.191203033471625705e-01	1.456489046435430201e-01	2.248624830190232848e-01	4.829205569870881898e-01	8.218448416232854159e-01	2.093297311754497292e-01	8.168382496387626146e-01	8.169571349693366402e-01
8.123845769874993294e-01	5.360774519870533661e-01	2.155039258191069340e-01	1.903278825026908372e-01	7.377709186173561084e-01	6.898627334602118744e-01	6.142972966367170606e-01	4.486642716383292817e-01	7.407352556711068736e-01	8.353000463719368884e-01
