# RamseyFit_Plot
1.077639611040113743e-01
1.156600569479175888e-01
1.240139189779059792e-01
1.328157775490919623e-01
1.420553176841899412e-01
1.517216908835438693e-01
1.618035275990991617e-01
1.722889503583347470e-01
1.831655875233478281e-01
1.944205876694753976e-01
2.060406345670432460e-01
2.180119627490594847e-01
2.303203736469127128e-01
2.429512522754032622e-01
2.558895844477199200e-01
2.691199745002840205e-01
2.826266635067143373e-01
2.963935479595237177e-01
3.104041988975344557e-01
3.246418814564118183e-01
3.390895748191422587e-01
3.537299925427478953e-01
3.685456032370101331e-01
3.835186515705031329e-01
3.986311795787698120e-01
4.138650482490626170e-01
4.292019593556701262e-01
4.446234775194904953e-01
4.601110524651855771e-01
4.756460414489478428e-01
4.912097318296496651e-01
5.067833637559119309e-01
5.223481529414309987e-01
5.378853135007363173e-01
5.533760808174268409e-01
5.688017344168284639e-01
5.841436208149641818e-01
5.993831763156932668e-01
6.145019497278919607e-01
6.294816249745811554e-01
6.443040435660009058e-01
6.589512269087244301e-01
6.734053984230736756e-01
6.876490054412636166e-01
7.016647408589367085e-01
7.154355645129841790e-01
7.289447242588569242e-01
7.421757767208706502e-01
7.551126076893805994e-01
7.677394521390787929e-01
7.800409138430911549e-01
7.920019845580081874e-01
8.036080627554622602e-01
8.148449718763896010e-01
8.256989780846537563e-01
8.361568074972958176e-01
8.462056628692748994e-01
8.558332397112103918e-01
8.650277418192888756e-01
8.737778961972064717e-01
8.820729673507257118e-01
8.899027709361767569e-01
8.972576867450016147e-01
9.041286710072352628e-01
9.105072679976337069e-01
9.163856209290004440e-01
9.217564821181224444e-01
9.266132224106095050e-01
9.309498398518277762e-01
9.347609675920397487e-01
9.380418810147961306e-01
9.407885040785759490e-01
9.429974148626352193e-01
9.446658503090077375e-01
9.457917101535830984e-01
9.463735600402020109e-01
9.464106338127041829e-01
9.459028349809013303e-01
9.448507373574577262e-01
9.432555848637096396e-01
9.411192905034775347e-01
9.384444345049800518e-01
9.352342616319881952e-01
9.314926776664127495e-01
9.272242450655536761e-01
9.224341777982840718e-01
9.171283353654784420e-01
9.113132160110279933e-01
9.049959491308117165e-01
8.981842868880147712e-01
8.908865950441917647e-01
8.831118430164803801e-01
8.748695931723551311e-01
8.661699893742929035e-01
8.570237447876829506e-01
8.474421289662672496e-01
8.374369542303234937e-01
8.270205613537273681e-01
8.162058045769177150e-01
8.050060359636741492e-01
7.934350891204653422e-01
7.815072622979684080e-01
7.692373008951588487e-01
7.566403793871727679e-01
7.437320826988850220e-01
7.305283870469007068e-01
7.170456402733526025e-01
7.033005416955764311e-01
6.893101214963951451e-01
6.750917196803490894e-01
6.606629646218108443e-01
6.460417512314693411e-01
6.312462187682026382e-01
6.162947283238343621e-01
6.012058400087462173e-01
5.859982898667164264e-01
5.706909665477678528e-01
5.553028877681336350e-01
5.398531765867797816e-01
5.243610375282004021e-01
5.088457325814305099e-01
4.933265571054362697e-01
4.778228156711997188e-01
4.623537978709406082e-01
4.469387541250129936e-01
4.315968715170516723e-01
4.163472496879644935e-01
4.012088768193230459e-01
3.862006057366586531e-01
3.713411301630337169e-01
3.566489611531397652e-01
3.421424037379684480e-01
3.278395338098896161e-01
3.137581752776997801e-01
2.999158775209137540e-01
2.863298931722187413e-01
2.730171562566501287e-01
2.599942607156220387e-01
2.472774393435032136e-01
2.348825431639357530e-01
2.228250212725804702e-01
2.111199011724080310e-01
1.997817696270656196e-01
1.888247540572251526e-01
1.782625045041609790e-01
1.681081761841092259e-01
1.583744126562457444e-01
1.490733296263676011e-01
1.402164994075687510e-01
1.318149360584074947e-01
1.238790812182123946e-01
1.164187906583127874e-01
1.094433215670906900e-01
1.029613205858306846e-01
9.698081261141489051e-02
9.150919038093913160e-02
8.655320485235362682e-02
8.211895639422506221e-02
7.821188679670104671e-02
7.483677211471617685e-02
7.199771635343271692e-02
6.969814600483431599e-02
6.794080544331621008e-02
6.672775318702228731e-02
6.606035903057244640e-02
6.593930205371673070e-02
6.636456950933117271e-02
6.733545659304446263e-02
6.885056709565495758e-02
7.090781493836317839e-02
7.350442658971073628e-02
7.663694436197965310e-02
8.030123058367200084e-02
8.449247264355780329e-02
8.920518890065187723e-02
9.443323545335707836e-02
1.001698137598945881e-01
1.064074791010405918e-01
1.131381498750849701e-01
1.203531177138463804e-01
1.280430584075058498e-01
1.361980436249568549e-01
1.448075534153380750e-01
1.538604894753751728e-01
1.633451891661644173e-01
1.732494402620320395e-01
1.835604964131452577e-01
1.942650933025980575e-01
2.053494654777860418e-01
2.167993638349737240e-01
2.286000737351029377e-01
2.407364337280392674e-01
2.531928548616377839e-01
2.659533405512369830e-01
2.790015069844209439e-01
2.923206040351756241e-01
3.058935366608780959e-01
3.197028867548909470e-01
3.337309354269225592e-01
3.479596856827229523e-01
3.623708854741357621e-01
3.769460510900110028e-01
3.916664908580156368e-01
4.065133291269308335e-01
4.214675304986337245e-01
4.365099242786035227e-01
4.516212291134681922e-01
4.667820777838375124e-01
4.819730421204239112e-01
4.971746580112585967e-01
5.123674504676669628e-01
5.275319587165409052e-01
5.426487612863811760e-01
5.576985010545686405e-01
5.726619102233182490e-01
5.875198351918402562e-01
6.022532612923316986e-01
6.168433373575714640e-01
6.312714000880501608e-01
6.455189981868396654e-01
6.595679162306316012e-01
6.734001982457102908e-01
6.869981709579802143e-01
7.003444666865370483e-01
7.134220458507412044e-01
7.262142190611999837e-01
7.387046687655741684e-01
7.508774704207120676e-01
7.627171131631614864e-01
7.742085199507636739e-01
7.853370671486910037e-01
7.960886035339946876e-01
8.064494686934460255e-01
8.164065107902517271e-01
8.259471036760062113e-01
8.350591633250759038e-01
8.437311635694964007e-01
8.519521511133354430e-01
8.597117598064101252e-01
8.670002241581986624e-01
8.738083920737638177e-01
8.801277367944995156e-01
8.859503680275601090e-01
8.912690422488551700e-01
8.960771721655812483e-01
9.003688353253513910e-01
9.041387818600794546e-01
9.073824413539186562e-01
9.100959288256831314e-01
9.122760498173396737e-01
9.139203045813290016e-01
9.150268913606469656e-01
9.155947087568123699e-01
9.156233571820358019e-01
9.151131393931153379e-01
9.140650601057818125e-01
9.124808246894356989e-01
9.103628369434239032e-01
9.077141959572168073e-01
9.045386920580574808e-01
9.008408018508611281e-01
8.966256823563409917e-01
8.918991642545401888e-01
8.866677442421224686e-01
8.809385765129709167e-01
8.747194633727867208e-01
8.680188449995562827e-01
8.608457883628758411e-01
8.532099753162563083e-01
8.451216898776294784e-01
8.365918047143712233e-01
8.276317668502122249e-01
8.182535826124621714e-01
8.084698018389888663e-01
7.982935013653867928e-01
7.877382678137464511e-01
7.768181797053786974e-01
7.655477889207484843e-01
7.539421015307834484e-01
7.420165580245455805e-01
7.297870129590988686e-01
7.172697140581819619e-01
7.044812807870487470e-01
6.914386824315569280e-01
6.781592157102714902e-01
6.646604819489840832e-01
6.509603638476608722e-01
6.370770018703937332e-01
6.230287702894532487e-01
6.088342529150309046e-01
5.945122185426993111e-01
5.800815961510181751e-01
5.655614498820672464e-01
5.509709538380198612e-01
5.363293667271072929e-01
5.216560063925970159e-01
5.069702242585417684e-01
4.922913797262277180e-01
4.776388145553283060e-01
4.630318272638144772e-01
4.484896475806724458e-01
4.340314109854530589e-01
4.196761333685583573e-01
4.054426858460543626e-01
3.913497697626151517e-01
3.774158919159772974e-01
3.636593400360016437e-01
3.500981585511457883e-01
3.367501246747660604e-01
3.236327248432833148e-01
3.107631315377935022e-01
2.981581805202049296e-01
2.858343485144729246e-01
2.738077313629049270e-01
2.620940226869165057e-01
2.507084930809501122e-01
2.396659698675834838e-01
2.289808174411108732e-01
2.186669182261362643e-01
2.087376542768781262e-01
1.992058895420761311e-01
1.900839528194925854e-01
1.813836214231117072e-01
1.731161055851774822e-01
1.652920336142682523e-01
1.579214378295820120e-01
1.510137412905891985e-01
1.445777453401527746e-01
1.386216179781401547e-01
1.331528830814352471e-01
1.281784104851427242e-01
1.237044069386308842e-01
1.197364079488763555e-01
1.162792705224103829e-01
1.133371668159463552e-01
1.109135787045644195e-01
1.090112932750951225e-01
1.076323992511003524e-01
1.067782843546076776e-01
1.064496336084855832e-01
1.066464285820905022e-01
1.073679475815429440e-01
1.086127667847157641e-01
1.103787623197484136e-01
1.126631132846236949e-01
1.154623057040713441e-01
1.187721374188012713e-01
1.225877239007996944e-01
1.269035049871716780e-01
1.317132525237668106e-01
1.370100789085922366e-01
1.427864465237878577e-01
1.490341780437414165e-01
1.557444676057178623e-01
1.629078928282078897e-01
1.705144276610484622e-01
1.785534560502179402e-01
1.870137863991148119e-01
1.958836668070270126e-01
2.051508010644340629e-01
2.148023653837502489e-01
2.248250258431108151e-01
2.352049565198193748e-01
2.459278582891130660e-01
2.569789782630226282e-01
2.683431298431676049e-01
2.800047133605264582e-01
2.919477372743837229e-01
3.041558399018812198e-01
3.166123116488792633e-01
3.293001177121058221e-01
3.422019212219570283e-01
3.553001067946454095e-01
3.685768044618642492e-01
3.820139139455647759e-01
3.955931292449942904e-01
4.092959635026593990e-01
4.231037741155099785e-01
4.369977880572730178e-01
4.509591273775682696e-01
4.649688348431527118e-01
4.790078996864696181e-01
4.930572834264697057e-01
5.070979457265810675e-01
5.211108702546207727e-01
5.350770905094313079e-01
5.489777155790299679e-01
5.627939557951655569e-01
5.765071482492609700e-01
5.900987821349188422e-01
6.035505238823785090e-01
6.168442420505629853e-01
6.299620319426981752e-01
6.428862399118085991e-01
6.555994873228265796e-01
6.680846941385005788e-01
6.803251020967691076e-01
6.923042974478272882e-01
7.040062332196945771e-01
7.154152509817033323e-01
7.265161020760331212e-01
7.372939682880910173e-01
7.477344819273271659e-01
7.578237452908364036e-01
7.675483494829546949e-01
7.768953925649080272e-01
7.858524970094951101e-01
7.944078264367069320e-01
8.025501016071779903e-01
8.102686156513607685e-01
8.175532485133594207e-01
8.243944805894158900e-01
8.307834055421556840e-01
8.367117422728076459e-01
8.421718460347655810e-01
8.471567186730446508e-01
8.516600179753515132e-01
8.556760661217370778e-01
8.591998572210061136e-01
8.622270639233267087e-01
8.647540430997426864e-01
8.667778405805738329e-01
8.682961949459826467e-01
8.693075403632876119e-01
8.698110084669166131e-01
8.698064292782119455e-01
8.692943311636196491e-01
8.682759398311249432e-01
8.667531763661215916e-01
8.647286543092280731e-01
8.622056757798910454e-01
8.591882266509361932e-01
8.556809707805366205e-01
8.516892433093791182e-01
8.472190430321043797e-01
8.422770238533795473e-01
8.368704853402348931e-01
8.310073623835501078e-01
8.246962139828220018e-01
8.179462111695503523e-01
8.107671240858027595e-01
8.031693082356708979e-01
7.951636899285077220e-01
7.867617509339499549e-01
7.779755123698401942e-01
7.688175178452266723e-01
7.593008158816854092e-01
7.494389416371918244e-01
7.392458979577634093e-01
7.287361357830501873e-01
7.179245339329433095e-01
7.068263783031435432e-01
6.954573404984795149e-01
6.838334559335580431e-01
6.719711014310565389e-01
6.598869723487389427e-01
6.475980592668642011e-01
6.351216242683682678e-01
6.224751768447176481e-01
6.096764494609071550e-01
5.967433728135378423e-01
5.836940508163772634e-01
5.705467353481923354e-01
5.573198007979698332e-01
5.440317184429910302e-01
5.307010306954036416e-01
5.173463252532113366e-01
5.039862091916875730e-01
4.906392830313510145e-01
4.773241148186844196e-01
4.640592142557863342e-01
4.508630069150600939e-01
4.377538085749883012e-01
4.247497997128460434e-01
4.118690001900264241e-01
3.991292441654070156e-01
3.865481552718418867e-01
3.741431220905648836e-01
3.619312739578415261e-01
3.499294571377846164e-01
3.381542113947540451e-01
3.266217469981828048e-01
3.153479221921267062e-01
3.043482211611487909e-01
2.936377325235219882e-01
2.832311283819515246e-01
2.731426439612902879e-01
2.633860578618990589e-01
2.539746729564312244e-01
2.449212979569710402e-01
2.362382296784850677e-01
2.279372360235944472e-01
2.200295397126884600e-01
2.125258027823344054e-01
2.054361118738907144e-01
1.987699643331138355e-01
1.925362551404242728e-01
1.867432646903408044e-01
1.813986474373951441e-01
1.765094214246268889e-01
1.720819587095358538e-01
1.681219767010916355e-01
1.646345304201364823e-01
1.616240056942120362e-01
1.590941132965383309e-01
1.570478840375293395e-01
1.554876648159040364e-01
1.544151156350944132e-01
1.538312075892878106e-01
1.537362218220802434e-01
1.541297494593402706e-01
1.550106925165075644e-01
1.563772657791739906e-01
1.582269996544160007e-01
1.605567439889771797e-01
1.633626728490245039e-01
1.666402902548447806e-01
1.703844368624861660e-01
1.745892975830145022e-01
1.792484101287104004e-01
1.843546744742262655e-01
1.899003632194126712e-01
1.958771328392443500e-01
2.022760358050062490e-01
2.090875335596664164e-01
2.163015103291330288e-01
2.239072877499027059e-01
2.318936402924476892e-01
2.402488114585303314e-01
2.489605307295499337e-01
2.580160312419309543e-01
2.674020681645204456e-01
2.771049377519725909e-01
2.871104970470868545e-01
2.974041842041840189e-01
3.079710394046469846e-01
3.187957263349633363e-01
3.298625541967424857e-01
3.411555002174217477e-01
3.526582326296749947e-01
3.643541340868198808e-01
3.762263254809001811e-01
3.882576901295482497e-01
4.004308982971475084e-01
4.127284320153775665e-01
4.251326101677394553e-01
4.376256138022898701e-01
4.501895116364582061e-01
4.628062857175497258e-01
4.754578572022760130e-01
4.881261122184862300e-01
5.007929277721335781e-01
5.134401976624252129e-01
5.260498583680945917e-01
5.386039148677358446e-01
5.510844663572396218e-01
5.634737318274842810e-01
5.757540754656492732e-01
5.879080318437066577e-01
5.999183308579886242e-01
6.117679223840452041e-01
6.234400006113859360e-01
6.349180280231702111e-01
6.461857589864052898e-01
6.572272629187132509e-01
6.680269469983965980e-01
6.785695783850931306e-01
6.888403059190575384e-01
6.988246812678233777e-01
7.085086794897761386e-01
7.178787189849954453e-01
7.269216808046118361e-01
7.356249272907935399e-01
7.439763200204866367e-01
7.519642370269632448e-01
7.595775892743115154e-01
7.668058363610401607e-01
7.736390014300749129e-01
7.800676852635639591e-01
7.860830795420710171e-01
7.916769792489384283e-01
7.968417942018217737e-01
8.015705596946460787e-01
8.058569462345244183e-01
8.096952683594665912e-01
8.130804925240366909e-01
8.160082440414528904e-01
8.184748130719889936e-01
8.204771596489079943e-01
8.220129177345441018e-01
8.230803983005569036e-01
8.236785914277837684e-01
8.238071674225402319e-01
8.234664769476365276e-01
8.226575501678069502e-01
8.213820949106793723e-01
8.196424938458345411e-01
8.174418006859330843e-01
8.147837354153103506e-01
8.116726785528471932e-01
8.081136644573316818e-01
8.041123736849256076e-01
7.996751244097183298e-01
7.948088629197318511e-01
7.895211532020729450e-01
7.838201656322774102e-01
7.777146647841722826e-01
7.712139963779092167e-01
7.643280733850379427e-01
7.570673613107578026e-01
7.494428626746768574e-01
7.414661007125881165e-01
7.331491023229106396e-01
7.245043802825675838e-01
7.155449147581343095e-01
7.062841341391361549e-01
6.967358952213773549e-01
6.869144627691321503e-01
6.768344884859625044e-01
6.665109894247902567e-01
6.559593258686977624e-01
6.451951787146901207e-01
6.342345263934426880e-01
6.230936213586780736e-01
6.117889661805382406e-01
6.003372892778489067e-01
5.887555203247574198e-01
5.770607653676862459e-01
5.652702816890116111e-01
5.534014524542488767e-01
5.414717611798478547e-01
5.294987660590123602e-01
5.175000741831521367e-01
5.054933156967520436e-01
4.934961179235731188e-01
4.815260795021331641e-01
4.696007445684347581e-01
4.577375770238615305e-01
4.459539349260243091e-01
4.342670450402086324e-01
4.226939775888409745e-01
4.112516212361044809e-01
3.999566583445300916e-01
3.888255405399836384e-01
3.778744646210406843e-01
3.671193488482525913e-01
3.565758096482489758e-01
3.462591387670450604e-01
3.361842809062615123e-01
3.263658118752726933e-01
3.168179172915495112e-01
3.075543718606814636e-01
2.985885192666886123e-01
2.899332527023941175e-01
2.816009960686551850e-01
2.736036858702938224e-01
2.659527538355529463e-01
2.586591102848379009e-01
2.517331282734075470e-01
2.451846285315604779e-01
2.390228652246702001e-01
2.332565125542396811e-01
2.278936522198926617e-01
2.229417617609740776e-01
2.184077037951123734e-01
2.142977161698049193e-01
2.106174030417094500e-01
2.073717268969888505e-01
2.045650015246346931e-01
2.022008859533168112e-01
2.002823793608571323e-01
1.988118169640041843e-01
1.977908668947196413e-01
1.972205280677347128e-01
1.971011290426609719e-01
1.974323278824609007e-01
1.982131130086094983e-01
1.994418050517898222e-01
2.011160596954879032e-01
2.032328715083758230e-01
2.057885787598901506e-01
2.087788692119599276e-01
2.121987868783664077e-01
2.160427397417851725e-01
2.203045084171180168e-01
2.249772557483210589e-01
2.300535373245138349e-01
2.355253128998133216e-01
2.413839586999337317e-01
2.476202805973153898e-01
2.542245281351912523e-01
2.611864093797616748e-01
2.684951065783741098e-01
2.761392926004180293e-01
2.841071481364233486e-01
2.923863796297641593e-01
3.009642379141952429e-01
3.098275375294542444e-01
3.189626766860480522e-01
3.283556578494669087e-01
3.379921089129965805e-01
3.478573049275469620e-01
3.579361903559330482e-01
3.682134018183428337e-01
3.786732912949251073e-01
3.892999497507437234e-01
4.000772311476847864e-01
4.109887768073334779e-01
4.220180400882574956e-01
4.331483113406873198e-01
4.443627431010948592e-01
4.556443754888748199e-01
4.669761617669140330e-01
4.783409940276674432e-01
4.897217289660724115e-01
5.011012137005631528e-01
5.124623116032672732e-01
5.237879281005277665e-01
5.350610364048491441e-01
5.462647031395119201e-01
5.573821138171607403e-01
5.683965981340119988e-01
5.792916550414084487e-01
5.900509775569503512e-01
6.006584772776508707e-01
6.110983085581294105e-01
6.213548923172264038e-01
6.314129394370948667e-01
6.412574737192808794e-01
6.508738543631031881e-01
6.602477979322335377e-01
6.693653997762205599e-01
6.782131548744396721e-01
6.867779780708976878e-01
6.950472236691253025e-01
7.030087043574474448e-01
7.106507094358412990e-01
7.179620223167085813e-01
7.249319372729011723e-01
7.315502754075573488e-01
7.378073998213849904e-01
7.436942299543138901e-01
7.492022550796220148e-01
7.543235469299680584e-01
7.590507714360270608e-01
7.633771995598089832e-01
7.672967172060659591e-01
7.708038341966338969e-01
7.738936922939262386e-01
7.765620722612824878e-01
7.788053999493000923e-01
7.806207513987797331e-01
7.820058569523926639e-01
7.829591043686996432e-01
7.834795409336539063e-01
7.835668745662622836e-01
7.832214739165981321e-01
7.824443674559042883e-01
7.812372415600619124e-01
7.796024375892325331e-01
7.775429479680247002e-01
7.750624112720547743e-01
7.721651063283017091e-01
7.688559453381580422e-01
7.651404660335887620e-01
7.610248228782777735e-01
7.565157773271289354e-01
7.516206871589068417e-01
7.463474948982659063e-01
7.407047153447797738e-01
7.347014222279877327e-01
7.283472340088079644e-01
7.216522988489888490e-01
7.146272787715532981e-01
7.072833330364448612e-01
6.996321007568071515e-01
6.916856827824708898e-01
6.834566228784213493e-01
6.749578882270425018e-01
6.662028492840426086e-01
6.572052590189385590e-01
6.479792315719656859e-01
6.385392203601382155e-01
6.288999956661345259e-01
6.190766217443817165e-01
6.090844334795787463e-01
5.989390126335202291e-01
5.886561637167955219e-01
5.782518895224637578e-01
5.677423663594265424e-01
5.571439190236071592e-01
5.464729955455548405e-01
5.357461417533708747e-01
5.249799756902421288e-01
5.141911619260093325e-01
5.033963858024905758e-01
4.926123276522714756e-01
4.818556370308784698e-01
4.711429070020964893e-01
4.604906485162617025e-01
4.499152649211157207e-01
4.394330266447392108e-01
4.290600460896947244e-01
4.188122527773518455e-01
4.087053687808482882e-01
3.987548844848346485e-01
3.889760347095524984e-01
3.793837752363630189e-01
3.699927597710861438e-01
3.608173173810305112e-01
3.518714304406826421e-01
3.431687131204161911e-01
3.347223904516180015e-01
3.265452780008671896e-01
3.186497621847401707e-01
3.110477812559745425e-01
3.037508069905567321e-01
2.967698271043341385e-01
2.901153284265411414e-01
2.837972808565251137e-01
2.778251221287030837e-01
2.722077434095773185e-01
2.669534757492927346e-01
2.620700774089670393e-01
2.575647220835908247e-01
2.534439880389847133e-01
2.497138481798033549e-01
2.463796610642070561e-01
2.434461628792800592e-01
2.409174603898346367e-01
2.387970248716888011e-01
2.370876870389893587e-01
2.357916329735955108e-01
2.349104010629795569e-01
2.344448799515131965e-01
2.343953075084447280e-01
2.347612708142599036e-01
2.355417071655436234e-01
2.367349060968522156e-01
2.383385124165158242e-01
2.403495302517048571e-01
2.427643280964958961e-01
2.455786448551179890e-01
2.487875968709717389e-01
2.523856859304838274e-01
2.563668082293074635e-01
2.607242642868792815e-01
2.654507697938269239e-01
2.705384673752787572e-01
2.759789392516392992e-01
2.817632207770260910e-01
2.878818148341226735e-01
2.943247070628893791e-01
3.010813818992197910e-01
3.081408393983862126e-01
3.154916128167949418e-01
3.231217869244877861e-01
3.310190170195133064e-01
3.391705486143294923e-01
3.475632377631867054e-01
3.561835719985254611e-01
3.650176918433790663e-01
3.740514128658924964e-01
3.832702482411568523e-01
3.926594317848008386e-01
4.022039414219563125e-01
4.118885230545776266e-01
4.216977147893845590e-01
4.316158714881720981e-01
4.416271896016585319e-01
4.517157322476341164e-01
4.618654544936782180e-01
4.720602288045159800e-01
4.822838706136330922e-01
4.925201639787218366e-01
5.027528872802702331e-01
5.129658389225638659e-01
5.231428629963622567e-01
5.332678748625321319e-01
5.433248866160321766e-01
5.532980323898329944e-01
5.631715934585967975e-01
5.729300231022195211e-01
5.825579711897246327e-01
5.920403084444381125e-01
6.013621503518103983e-01
6.105088806719110028e-01
6.194661745191010205e-01
6.282200209721948703e-01
6.367567451790436817e-01
6.450630299203681250e-01
6.531259365984151133e-01
6.609329256170130007e-01
6.684718761204754278e-01
6.757311050598933111e-01
6.826993855563155966e-01
6.893659645315646234e-01
6.957205795784425773e-01
7.017534750434137880e-01
7.074554172960255682e-01
7.128177091606391347e-01
7.178322034873825253e-01
7.224913158405826819e-01
7.267880362843697206e-01
7.307159402465530640e-01
7.342691984433520336e-01
7.374425858490711860e-01
7.402314896963054780e-01
7.426319164938398609e-01
7.446404980509633287e-01
7.462544964984993978e-01
7.474718082984781464e-01
7.482909672359816522e-01
7.487111463883270313e-01
7.487321590684001826e-01
7.483544587405872583e-01
7.475791379094119948e-01
7.464079259826282842e-01
7.448431861121769249e-01
7.428879110180468537e-01
7.405457178017349484e-01
7.378208417576097577e-01
7.347181291921184298e-01
7.312430292623504080e-01
7.274015848470980483e-01
7.232004224650568913e-01
7.186467412564201407e-01
7.137483010455624166e-01
7.085134095040682700e-01
7.029509084347556058e-01
6.970701591988174295e-01
6.908810273095593590e-01
6.843938662176025645e-01
6.776195003136871176e-01
6.705692071765375628e-01
6.632546990944270249e-01
6.556881038903151770e-01
6.478819450815217484e-01
6.398491214060252341e-01
6.316028857484643488e-01
6.231568234999774747e-01
6.145248303868303674e-01
6.057210898038013491e-01
5.967600496889370332e-01
5.876563989772276564e-01
5.784250436712672361e-01
5.690810825677583562e-01
5.596397826791567054e-01
5.501165543903733246e-01
5.405269263907886979e-01
5.308865204223135459e-01
5.212110258844383504e-01
5.115161743375744585e-01
5.018177139460354708e-01
4.921313839022497527e-01
4.824728888737411236e-01
4.728578735144458034e-01
4.633018970818065796e-01
4.538204082009480445e-01
4.444287198170205899e-01
4.351419843764594564e-01
4.259751692775900489e-01
4.169430326305811896e-01
4.080600993662211740e-01
3.993406377324576484e-01
3.907986362170392525e-01
3.824477809338797107e-01
3.743014335100193213e-01
3.663726095093000623e-01
3.586739574279323994e-01
3.512177382962704542e-01
3.440158059200874030e-01
3.370795877936476059e-01
3.304200667157302096e-01
3.240477631386753932e-01
3.179727182792773110e-01
3.122044780191678415e-01
3.067520776209830546e-01
3.016240272853450977e-01
2.968282985722532352e-01
2.923723117091355239e-01
2.882629238062875965e-01
2.845064179990345332e-01
2.811084935343327040e-01
2.780742568180881724e-01
2.754082134377985325e-01
2.731142611736064874e-01
2.711956840091751531e-01
2.696551471521951848e-01
2.684946930726455627e-01
2.677157385652860766e-01
2.673190728411492523e-01
2.673048566511313506e-01
2.676726224430686640e-01
2.684212755519876925e-01
2.695490964215198071e-01
2.710537438527652609e-01
2.729322592752040366e-01
2.751810720325525428e-01
2.777960056748117745e-01
2.807722852460580176e-01
2.841045455559170207e-01
2.877868404210001674e-01
2.918126528610146542e-01
2.961749062326342052e-01
3.008659762827108342e-01
3.058777041008411413e-01
3.112014099498356945e-01
3.168279079511786001e-01
3.227475216011338466e-01
3.289501000917827711e-01
3.354250354099451714e-01
3.421612801856085406e-01
3.491473662603141737e-01
3.563714239446298948e-01
3.638212019328530555e-01
3.714840878417975389e-01
3.793471293396672994e-01
3.873970558298740485e-01
3.956203006538376865e-01
4.040030237758736043e-01
4.125311349124914928e-01
4.211903170676745134e-01
4.299660504350288903e-01
4.388436366270616062e-01
4.478082231913264044e-01
4.568448283726384562e-01
4.659383660801847404e-01
4.750736710179979672e-01
4.842355239369591224e-01
4.934086769663159622e-01
5.025778789825190440e-01
5.117279009731664496e-01
5.208435613537787390e-01
5.299097511952669537e-01
5.389114593200143855e-01
5.478337972247999677e-01
5.566620237889703393e-01
5.653815697267083884e-01
5.739780617425991327e-01
5.824373463502243720e-01
5.907455133140215864e-01
5.988889186753600935e-01
6.068542073243290425e-01
6.146283350796503120e-01
6.221985902397955126e-01
6.295526145693801645e-01
6.366784236857573331e-01
6.435644268118094757e-01
6.501994458619102524e-01
6.565727338292322024e-01
6.626739924436475526e-01
6.684933890707580595e-01
6.740215728238201365e-01
6.792496898616621204e-01
6.841693978470335669e-01
6.887728795412743077e-01
6.930528555125654577e-01
6.970025959365911961e-01
7.006159314698904295e-01
7.038872631777910449e-01
7.068115715003473465e-01
7.093844242413880341e-01
7.116019835673377258e-01
7.134610120042236270e-01
7.149588774228970989e-01
7.160935570042441523e-01
7.168636401778516465e-01
7.172683305293418021e-01
7.173074466733072585e-01
7.169814220905404989e-01
7.162913039299820817e-01
7.152387507775722630e-01
7.138260293959229896e-01
7.120560104404712876e-01
7.099321631595069126e-01
7.074585490871717619e-01
7.046398147402512802e-01
7.014811833312403211e-01
6.979884455118550157e-01
6.941679491627751331e-01
6.900265882470544287e-01
6.855717907461806870e-01
6.808115056993635505e-01
6.757541893681076051e-01
6.704087905496638466e-01
6.647847350643353304e-01
6.588919094430831791e-01
6.527406438431773150e-01
6.463416942209927463e-01
6.397062237922922501e-01
6.328457838115607581e-01
6.257722937031062749e-01
6.184980205777639295e-01
6.110355581700528393e-01
6.033978052316827378e-01
5.955979434181568610e-01
5.876494147061699369e-01
5.795658983802223219e-01
5.713612876276683572e-01
5.630496657820460715e-01
5.546452822551866113e-01
5.461625281990559744e-01
5.376159119388518315e-01
5.290200342191662131e-01
5.203895633054422820e-01
5.117392099831140628e-01
5.030837024970964411e-01
4.944377614742763716e-01
4.858160748718311495e-01
4.772332729940274576e-01
4.687039036201312570e-01
4.602424072858286586e-01
4.518630927603342617e-01
4.435801127609554362e-01
4.354074399466254519e-01
4.273588432312543928e-01
4.194478644573885195e-01
4.116877954698998643e-01
4.040916556288697281e-01
3.966721697999978646e-01
3.894417468600938070e-01
3.824124587543175080e-01
3.755960201408924393e-01
3.690037686580116549e-01
3.626466458466037213e-01
3.565351787614605694e-01
3.506794623021309287e-01
3.450891422936579467e-01
3.397733993460206880e-01
3.347409335197760183e-01
3.299999498240218099e-01
3.255581445713621180e-01
3.214226926131091289e-01
3.176002354764162483e-01
3.140968704235060915e-01
3.109181404515618530e-01
3.080690252502389370e-01
3.055539331321059926e-01
3.033766939496438386e-01
3.015405530107398979e-01
3.000481660028980757e-01
2.989015949346254253e-01
2.981023051007430924e-01
2.976511630765601435e-01
2.975484357441068317e-01
2.977937903518286245e-01
2.983862956073598527e-01
2.993244238012182645e-01
3.006060539574741952e-01
3.022284760056812569e-01
3.041883959665814818e-01
3.064819421423585766e-01
3.091046723004597929e-01
3.120515818383063911e-01
3.153171129144976548e-01
3.188951645304535787e-01
3.227791035447918344e-01
3.269617766011175264e-01
3.314355229483281762e-01
3.361921881309665183e-01
3.412231385257055161e-01
3.465192766984849237e-01
3.520710575555084931e-01
3.578685052598292726e-01
3.639012308840169907e-01
3.701584507680290570e-01
3.766290055502744538e-01
3.833013798386118998e-01
3.901637224869725085e-01
3.972038674422062043e-01
4.044093551247724960e-01
4.117674543059789416e-01
4.192651844435935082e-01
4.268893384368573907e-01
4.346265057612084814e-01
4.424630959423654364e-01
4.503853623288137098e-01
4.583794261212361665e-01
4.664313006169722442e-01
4.745269156272221567e-01
4.826521420244084815e-01
4.907928163768771057e-01
4.989347656279944365e-01
5.070638317765659986e-01
5.151658965155790915e-01
5.232269057862588557e-01
5.312328942046596891e-01
5.391700093181657216e-01
5.470245356496461486e-01
5.547829184872856700e-01
5.624317873786841560e-01
5.699579792882139007e-01
5.773485613773016167e-01
5.845908533679078367e-01
5.916724494502739740e-01
5.985812396967059579e-01
6.053054309441439074e-01
6.118335671091167383e-01
6.181545488997176596e-01
