# stdS_fit
2.902799484049928356e-03
3.282920165000085579e-03
3.682233409646533742e-03
4.099762451145096825e-03
4.534481186798742201e-03
4.985316000104430406e-03
5.451147674949981259e-03
5.930813398990029441e-03
6.423108853104613283e-03
6.926790383763639300e-03
7.440577254801130150e-03
7.963153975169442317e-03
8.493172698972656018e-03
9.029255693989502937e-03
9.569997874803186713e-03
1.011396939649554169e-02
1.065971830478384952e-02
1.120577323837068651e-02
1.175064617916730773e-02
1.229283524599871814e-02
1.283082752726846971e-02
1.336310194803874002e-02
1.388813216688665475e-02
1.440438949785020559e-02
1.491034585273574159e-02
1.540447669902275663e-02
1.588526402856683950e-02
1.635119933229750230e-02
1.680078657609345230e-02
1.723254517304259256e-02
1.764501294728692757e-02
1.803674908472884669e-02
1.840633706589095073e-02
1.875238757631909198e-02
1.907354138999904289e-02
1.936847222137785471e-02
1.963588954172074477e-02
1.987454135572636407e-02
2.008321693452204751e-02
2.026074950144380465e-02
2.040601886732703457e-02
2.051795401243440564e-02
2.059553561264628602e-02
2.063779850815991926e-02
2.064383411370897953e-02
2.061279277030803742e-02
2.054388603975924876e-02
2.043638894478615881e-02
2.028964215975124705e-02
2.010305415967373124e-02
1.987610333896747822e-02
1.960834011627300352e-02
1.929938904857876267e-02
1.894895098720185758e-02
1.855680532143447192e-02
1.812281237445546520e-02
1.764691604330454952e-02
1.712914681476072551e-02
1.656962534887331320e-02
1.596856691348024632e-02
1.532628709576640789e-02
1.464320944501236801e-02
1.391987607427763902e-02
1.315696287897793505e-02
1.235530212778649523e-02
1.151591716359993620e-02
1.064007768344446721e-02
9.729391429868292432e-03
8.785963476049204329e-03
7.812688391327692397e-03
6.813822236711821780e-03
5.796194858911897507e-03
4.772040954474966040e-03
3.766420697164479282e-03
2.839055384062121566e-03
2.147751169417806433e-03
2.013310297121599819e-03
2.565578999315451785e-03
3.519695202887960974e-03
4.652735110184495065e-03
5.875652797778093892e-03
7.152656039434719670e-03
8.466898592833102533e-03
9.809029499133786745e-03
1.117303015596779296e-02
1.255451125003770319e-02
1.394994004729094815e-02
1.535625894208547150e-02
1.677068400033953841e-02
1.819059273752261438e-02
1.961345899649625732e-02
2.103681403993857071e-02
2.245822291200240406e-02
2.387527005200150085e-02
2.528555071178168259e-02
2.668666612738063507e-02
2.807622118693294325e-02
2.945182379985805676e-02
3.081108545159938136e-02
3.215162260109323544e-02
3.347105868785442417e-02
3.476702658670202672e-02
3.603717139521319529e-02
3.727915347064499757e-02
3.849065165479136075e-02
3.966936664031514570e-02
4.081302444274199220e-02
4.191937994992048916e-02
4.298622052627542461e-02
4.401136965323237255e-02
4.499269059021621109e-02
4.592809004291114466e-02
4.681552182722133193e-02
4.765299051875107605e-02
4.843855507872267541e-02
4.917033244815621762e-02
4.984650110291044545e-02
5.046530456285807514e-02
5.102505484909876377e-02
5.152413588370565595e-02
5.196100682709730439e-02
5.233420534874945462e-02
5.264235082761799939e-02
5.288414747937654481e-02
5.305838740840714690e-02
5.316395358342371896e-02
5.319982273673980189e-02
5.316506818851388788e-02
5.305886259890901790e-02
5.288048065305014228e-02
5.262930168604951220e-02
5.230481225833295833e-02
5.190660869520408172e-02
5.143439960924744286e-02
5.088800843011249964e-02
5.026737597384648565e-02
4.957256309379694248e-02
4.880375346800463338e-02
4.796125659498610971e-02
4.704551109242696705e-02
4.605708842371534356e-02
4.499669721857568055e-02
4.386518841084022235e-02
4.266356149534964587e-02
4.139297231710990788e-02
4.005474296436938031e-02
3.865037456669716959e-02
3.718156413615825162e-02
3.565022709303064530e-02
3.405852788258025704e-02
3.240892227470883874e-02
3.070421681284688648e-02
2.894765390977423539e-02
2.714303610897028304e-02
2.529491156352956308e-02
2.340885769007975542e-02
2.149192674214500318e-02
1.955336657194894565e-02
1.760582377582553537e-02
1.566741747484034011e-02
1.376541792626785957e-02
1.194287368069290450e-02
1.027026920621462031e-02
8.863313758271360032e-03
7.896845126805844897e-03
7.571243354147942813e-03
7.989802789475405898e-03
9.068223376597439253e-03
1.062006136937684517e-02
1.247838519643122181e-02
1.453123506092232446e-02
1.670962354136673600e-02
1.897084740883441673e-02
2.128736267404203117e-02
2.364040650317536171e-02
2.601643807427714283e-02
2.840512511993574518e-02
3.079817330502835487e-02
3.318862441342682046e-02
3.557042284742210209e-02
3.793814045880591207e-02
4.028679764796633256e-02
4.261174466587247522e-02
4.490858155678281033e-02
4.717310349979936257e-02
4.940126321150110217e-02
5.158914503702618365e-02
5.373294719301474620e-02
5.582896978797551729e-02
5.787360699653781859e-02
5.986334225839146789e-02
6.179474570399937083e-02
6.366447323474172526e-02
6.546926684114603989e-02
6.720595585224438395e-02
6.887145888683356143e-02
7.046278633336595931e-02
7.197704322594136728e-02
7.341143241390436780e-02
7.476325794492788557e-02
7.602992859834381556e-02
7.720896151836231791e-02
7.829798590678133108e-02
7.929474674259746891e-02
8.019710850216588138e-02
8.100305885862253696e-02
8.171071234351129364e-02
8.231831395717695288e-02
8.282424271769804613e-02
8.322701514108790666e-02
8.352528864833005939e-02
8.371786489764863892e-02
8.380369304337421943e-02
8.378187292595937197e-02
8.365165820127029583e-02
8.341245942137333336e-02
8.306384708384380311e-02
8.260555467236121996e-02
8.203748171832189739e-02
8.135969692175372414e-02
8.057244138044078463e-02
7.967613198950100617e-02
7.867136509052401194e-02
7.755892047092893815e-02
7.633976584193601089e-02
7.501506195957269307e-02
7.358616860030330054e-02
7.205465166518111586e-02
7.042229176945721814e-02
6.869109478627380416e-02
6.686330496473796847e-02
6.494142145074054129e-02
6.292821932729666945e-02
6.082677669541627918e-02
5.864050988963916133e-02
5.637321974477552816e-02
5.402915302536068914e-02
5.161308488826569368e-02
4.913043087220309024e-02
4.658740087229901183e-02
4.399121362564363535e-02
4.135039962794680168e-02
3.867523507469985272e-02
3.597837242442464278e-02
3.327576902164414152e-02
3.058806959784918927e-02
2.794267522872479967e-02
2.537681941745589809e-02
2.294200206194108027e-02
2.070985602110473472e-02
1.877826744965809327e-02
1.727314875232173128e-02
1.633573050143457064e-02
1.608528383467519585e-02
1.656846751602921927e-02
1.773636323555176017e-02
1.947287351323992791e-02
2.164464388845823914e-02
2.413450250399768945e-02
2.685167615016345946e-02
2.972944884748696115e-02
3.271936956293105409e-02
3.578588552775979065e-02
3.890232317662670886e-02
4.204810361446829209e-02
4.520686648265925117e-02
4.836521276745539555e-02
5.151185792784894468e-02
5.463705553968353085e-02
5.773220019408284442e-02
6.078955041012353011e-02
6.380203293639934159e-02
6.676310301516137635e-02
6.966664366735135505e-02
7.250689255943135181e-02
7.527838862228350414e-02
7.797593298982417875e-02
8.059456043816651261e-02
8.312951860578438046e-02
8.557625303433408215e-02
8.793039660042718808e-02
9.018776228397790140e-02
9.234433848728595962e-02
9.439628631324810393e-02
9.633993835308651832e-02
9.817179863886113522e-02
9.988854349426695700e-02
1.014870230761827363e-01
1.029642634443148907e-01
1.043174690308152214e-01
1.055440254086258273e-01
1.066415022784906463e-01
1.076076566115243272e-01
1.084404358980336491e-01
1.091379814647761431e-01
1.096986318326478999e-01
1.101209260954415792e-01
1.104036073082117070e-01
1.105456258813030390e-01
1.105461429835541964e-01
1.104045339659106562e-01
1.101203918249858416e-01
1.096935307353574668e-01
1.091239896899870859e-01
1.084120363005884602e-01
1.075581708246571566e-01
1.065631305039592969e-01
1.054278943215466863e-01
1.041536883120800644e-01
1.027419915950697343e-01
1.011945433447801052e-01
9.951335096695108906e-02
9.770069982511314644e-02
9.575916495350461632e-02
9.369162531678343342e-02
9.150128133897320049e-02
8.919167663942403901e-02
8.676672520157356627e-02
8.423074558849504012e-02
8.158850434655481876e-02
7.884527146041227230e-02
7.600689171830037061e-02
7.307987722968539712e-02
7.007152827090401548e-02
6.699009235080147229e-02
6.384497521563278766e-02
6.064702290101433441e-02
5.740890147551570150e-02
5.414561148552957115e-02
5.087518786138195415e-02
4.761965294098557955e-02
4.440630748544789619e-02
4.126945237840229375e-02
3.825260606427142995e-02
3.541115955249388159e-02
3.281507420357326898e-02
3.055050627084862983e-02
2.871806721696065073e-02
2.742436467778503265e-02
2.676446357725224129e-02
2.679839363806038599e-02
2.753276335827236840e-02
2.891946221927089652e-02
3.087223093807688751e-02
3.328987046858001425e-02
3.607452395092518999e-02
3.914108551489159371e-02
4.241966560387804702e-02
4.585440783032191520e-02
4.940102804503422596e-02
5.302427743414436789e-02
5.669578140199740823e-02
6.039234404635427517e-02
6.409466926632297057e-02
6.778641362161241801e-02
7.145348974664972319e-02
7.508355435036960512e-02
7.866563078901069039e-02
8.218982951300239648e-02
8.564713985529796847e-02
8.902927407782383618e-02
9.232854994520468817e-02
9.553780190943264583e-02
9.865031370297869251e-02
1.016597670728453251e-01
1.045602027740277634e-01
1.073459909395770989e-01
1.100118086690961144e-01
1.125526232071812766e-01
1.149636794735107576e-01
1.172404909959435526e-01
1.193788335147909219e-01
1.213747406899575582e-01
1.232245014670555749e-01
1.249246587540203957e-01
1.264720091336281604e-01
1.278636033950415474e-01
1.290967477131336472e-01
1.301690053408406655e-01
1.310781987094443435e-01
1.318224118562152658e-01
1.323999931196065682e-01
1.328095580602325076e-01
1.330499925820833040e-01
1.331204562435502614e-01
1.330203857625211483e-01
1.327494987346830579e-01
1.323077975998472600e-01
1.316955739082604215e-01
1.309134129582052164e-01
1.299621988986049137e-01
1.288431204168460908e-01
1.275576771639252704e-01
1.261076871079289119e-01
1.244952950548381398e-01
1.227229826354117176e-01
1.207935801319251767e-01
1.187102806134244376e-01
1.164766569689394404e-01
1.140966825828303582e-01
1.115747565957689452e-01
1.089157349530982671e-01
1.061249687785179863e-01
1.032083520508507990e-01
1.001723811392211255e-01
9.702422951294042974e-02
9.377184194679767659e-02
9.042405386831016412e-02
8.699074323890658433e-02
8.348302464296157577e-02
7.991349820159591999e-02
7.629656963030607975e-02
7.264886220868257971e-02
6.898974631783656719e-02
6.534201653087060024e-02
6.173274756013430453e-02
5.819435333636070046e-02
5.476584752666443373e-02
5.149423981440515857e-02
4.843587049604116540e-02
4.565725174788869134e-02
4.323463867892815560e-02
4.125119537126978320e-02
3.979057820508386661e-02
3.892659628240898589e-02
3.871067093353227490e-02
3.916125652398262658e-02
4.025995447167632357e-02
4.195625056639561840e-02
4.417842488083279645e-02
4.684582597056816122e-02
4.987865256532221514e-02
5.320385359779782747e-02
5.675764104304809737e-02
6.048579022904826408e-02
6.434279706428083778e-02
6.829060497289357601e-02
7.229729085815757295e-02
7.633588542309741043e-02
8.038338444545992112e-02
8.441995052151515799e-02
8.842828189887907975e-02
9.239311904162346434e-02
9.630086100642842872e-02
1.001392677902406964e-01
1.038972293525254609e-01
1.075645861349725230e-01
1.111319893272597059e-01
1.145907918524929348e-01
1.179329631616281154e-01
1.211510225471105345e-01
1.242379869195163050e-01
1.271873299273169888e-01
1.299929500107238900e-01
1.326491455212893689e-01
1.351505954516021846e-01
1.374923446357003698e-01
1.396697925244231586e-01
1.416786848286324396e-01
1.435151074703151231e-01
1.451754823970456965e-01
1.466565649066525201e-01
1.479554422019140891e-01
1.490695329540534242e-01
1.499965877020494331e-01
1.507346899549553143e-01
1.512822578985427158e-01
1.516380466373470626e-01
1.518011509299225514e-01
1.517710083999913029e-01
1.515474032302424889e-01
1.511304703697538276e-01
1.505207003113643027e-01
1.497189445228148674e-01
1.487264216462330646e-01
1.475447246158390346e-01
1.461758288851345289e-01
1.446221020041547622e-01
1.428863148469191324e-01
1.409716548618902554e-01
1.388817418076765120e-01
1.366206465469988196e-01
1.341929136099806741e-01
1.316035884105742904e-01
1.288582502169622335e-01
1.259630522501264671e-01
1.229247706296937859e-01
1.197508643215081658e-01
1.164495487901393289e-01
1.130298867487419673e-01
1.095019002581223699e-01
1.058767094857696878e-01
1.021667047142569285e-01
9.838575968139266770e-02
9.454949597764257530e-02
9.067560983487431281e-02
8.678427379809459941e-02
8.289862563879867030e-02
7.904535386836815392e-02
7.525538055872214860e-02
7.156462327982182625e-02
6.801478190649412614e-02
6.465403394932334180e-02
6.153742609655873247e-02
5.872662199070988187e-02
5.628853740879073697e-02
5.429234765731787843e-02
5.280453293167250428e-02
5.188217878906039443e-02
5.156563667505722343e-02
5.187247270483082845e-02
5.279472483231746616e-02
5.430048128294512333e-02
5.633915610946192698e-02
5.884860271356982808e-02
6.176203659283552305e-02
6.501343774188977909e-02
6.854101659423403325e-02
7.228896845856726261e-02
7.620800137087251069e-02
8.025511917754624136e-02
8.439302683577042108e-02
8.858939601088415550e-02
9.281612672514306939e-02
9.704867221604389360e-02
1.012654531138352382e-01
1.054473647927861163e-01
1.095773710131296985e-01
1.136401727437822695e-01
1.176219402342111031e-01
1.215100971924984452e-01
1.252931473491645242e-01
1.289605352444302411e-01
1.325025345382805364e-01
1.359101584172082433e-01
1.391750877388319152e-01
1.422896134284376279e-01
1.452465903450728124e-01
1.480394003972309303e-01
1.506619231356743083e-01
1.531085124063716330e-01
1.553739779288995371e-01
1.574535708903913311e-01
1.593429728245388810e-01
1.610382871890788381e-01
1.625360331713089912e-01
1.638331413455991759e-01
1.649269508843823895e-01
1.658152080885512691e-01
1.664960660576003393e-01
1.669680853667112885e-01
1.672302356593252382e-01
1.672818981012834383e-01
1.671228686778655770e-01
1.667533623493487605e-01
1.661740181153520401e-01
1.653859050744961867e-01
1.643905296051360321e-01
1.631898438365828874e-01
1.617862556299739241e-01
1.601826403456894921e-01
1.583823547422585354e-01
1.563892534327342709e-01
1.542077084218936023e-01
1.518426323652999621e-01
1.492995063340665507e-01
1.465844130428722580e-01
1.437040767101600558e-01
1.406659109763333249e-01
1.374780766167755242e-01
1.341495511605008961e-01
1.306902129699962778e-01
1.271109428576339406e-01
1.234237469050106367e-01
1.196419047937168495e-01
1.157801485991269558e-01
1.118548775395445116e-01
1.078844144173825015e-01
1.038893090939225911e-01
9.989269272540567124e-02
9.592068272093497161e-02
9.200283102834742877e-02
8.817259536075580661e-02
8.446779170682752746e-02
8.093095417386636514e-02
7.760948346750974614e-02
7.455541110918127712e-02
7.182455544175425644e-02
6.947482585682665523e-02
6.756348906894518724e-02
6.614339503143103205e-02
6.525848464367099699e-02
6.493929190712004196e-02
6.519942543169197913e-02
6.603395437861542261e-02
6.742015843684760756e-02
6.932041133560518098e-02
7.168639446856028830e-02
7.446363689540126674e-02
7.759555670069696875e-02
8.102655018728908976e-02
8.470403252829786234e-02
8.857956447738091210e-02
9.260929483212690383e-02
9.675395007092607580e-02
1.009785595960140531e-01
1.052520511865664699e-01
1.095468036541846213e-01
1.138382078545341347e-01
1.181042628424558011e-01
1.223252186320592100e-01
1.264832680565075862e-01
1.305622854028286595e-01
1.345476072266738599e-01
1.384258499629386074e-01
1.421847589659114841e-01
1.458130840297618414e-01
1.493004770212357779e-01
1.526374078721050576e-01
1.558150957632881695e-01
1.588254528561394430e-01
1.616610383799137185e-01
1.643150212690387690e-01
1.667811498657945923e-01
1.690537274712959059e-01
1.711275927486726744e-01
1.729981041647492279e-01
1.746611278072261464e-01
1.761130280392759762e-01
1.773506605575572992e-01
1.783713675071231519e-01
1.791729743810032138e-01
1.797537884963185395e-01
1.801125988950698087e-01
1.802486775683280196e-01
1.801617819492829509e-01
1.798521586650937421e-01
1.793205485812630340e-01
1.785681932167689778e-01
1.775968426548991952e-01
1.764087651251493583e-01
1.750067584872807280e-01
1.733941639114708888e-01
1.715748821203964825e-01
1.695533926422964077e-01
1.673347766210636633e-01
1.649247438429762291e-01
1.623296647727943687e-01
1.595566085477029272e-01
1.566133880588745642e-01
1.535086134594881024e-01
1.502517556755031125e-01
1.468532217589189615e-01
1.433244442047325040e-01
1.396779866348904220e-01
1.359276685022924314e-01
1.320887116272859152e-01
1.281779113510190249e-01
1.242138347179179703e-01
1.202170471394540252e-01
1.162103670760446933e-01
1.122191448733214636e-01
1.082715562788278130e-01
1.043988924346722219e-01
1.006358153001217087e-01
9.702052974704707122e-02
9.359480113173840321e-02
9.040372219351910932e-02
8.749511161526300762e-02
8.491841982196957073e-02
8.272304237050727427e-02
8.095601578502703566e-02
7.965920386543938470e-02
7.886625816018418000e-02
7.859980165365346161e-02
7.886935984194773375e-02
7.967048087136437140e-02
8.098524333626026805e-02
8.278402900550600740e-02
8.502816634867206569e-02
8.767292754417202461e-02
9.067040340427440226e-02
9.397193083697824578e-02
9.752992510736344101e-02
1.012991137523356761e-01
1.052372565943235638e-01
1.093054713530288019e-01
1.134682838444168590e-01
1.176935031067607856e-01
1.219519975244660187e-01
1.262174251403001823e-01
1.304659527729009894e-01
1.346759848125609338e-01
1.388279130624219537e-01
1.429038927797872671e-01
1.468876462321859755e-01
1.507642928602771770e-01
1.545202039717075704e-01
1.581428793809207811e-01
1.616208432938494033e-01
1.649435568406433239e-01
1.681013448759927642e-01
1.710853349293371684e-01
1.738874064584216284e-01
1.765001488184074208e-01
1.789168265950313030e-01
1.811313511603223347e-01
1.831382574929337759e-01
1.849326854639130602e-01
1.865103649253611329e-01
1.878676040568134364e-01
1.890012805252731243e-01
1.899088351023499599e-01
1.905882674584667147e-01
1.910381339218133190e-01
1.912575470507059672e-01
1.912461769240518528e-01
1.910042541073942446e-01
1.905325743030366892e-01
1.898325047434723245e-01
1.889059924391615630e-01
1.877555744459786236e-01
1.863843903757819997e-01
1.847961974369136673e-01
1.829953883614555132e-01
1.809870126541089363e-01
1.787768016849838326e-01
1.763711982464414851e-01
1.737773913031978867e-01
1.710033567849947589e-01
1.680579054010082618e-01
1.649507385911293533e-01
1.616925138643832138e-01
1.582949208965578614e-01
1.547707698470361382e-01
1.511340933758048011e-01
1.474002637448342812e-01
1.435861260966903030e-01
1.397101484051439801e-01
1.357925875276232985e-01
1.318556690379908969e-01
1.279237757918140206e-01
1.240236361216224409e-01
1.201844967887975291e-01
1.164382579948909230e-01
1.128195377677739114e-01
1.093656213119462844e-01
1.061162388714074062e-01
1.031131062881728289e-01
1.003991607578460649e-01
9.801743716507217707e-02
9.600956509970372255e-02
9.441392742824586404e-02
9.326360415105519608e-02
9.258431347488424445e-02
9.239262637085259022e-02
9.269473881117620828e-02
9.348601819539859026e-02
9.475140662115992540e-02
9.646660309150278945e-02
9.859981194716407882e-02
1.011137755410207589e-01
1.039678153389537035e-01
1.071196684907501223e-01
1.105269941702748948e-01
1.141485064781827125e-01
1.179447515752956865e-01
1.218785818113183456e-01
1.259153929770264191e-01
1.300231895908781354e-01
1.341725341488458345e-01
1.383364245082313315e-01
1.424901320397602977e-01
1.466110233098729954e-01
1.506783802922685434e-01
1.546732283620033399e-01
1.585781772737647199e-01
1.623772775903433718e-01
1.660558932608088289e-01
1.696005899659107641e-01
1.729990382334053445e-01
1.762399300194915364e-01
1.793129073425774600e-01
1.822085015655290074e-01
1.849180820014751647e-01
1.874338126328664866e-01
1.897486158630875275e-01
1.918561423517549935e-01
1.937507461117658758e-01
1.954274641643863886e-01
1.968820001567479772e-01
1.981107114437639094e-01
1.991105992243817624e-01
1.998793014011913949e-01
2.004150879040201283e-01
2.007168582835295312e-01
2.007841414413438497e-01
2.006170974201378632e-01
2.002165212316567577e-01
1.995838487539610406e-01
1.987211647824208283e-01
1.976312133731276677e-01
1.963174106733851509e-01
1.947838604926264428e-01
1.930353729290691378e-01
1.910774864331012124e-01
1.889164937576773284e-01
1.865594723183123804e-01
1.840143195588625769e-01
1.812897939912695711e-01
1.783955626424965635e-01
1.753422556919484454e-01
1.721415291049530616e-01
1.688061360436651226e-01
1.653500077383794342e-01
1.617883442905968527e-01
1.581377154992624212e-01
1.544161711789546754e-01
1.506433594747471350e-01
1.468406502481806042e-01
1.430312585625184152e-01
1.392403604696240693e-01
1.354951895444886090e-01
1.318250978424332365e-01
1.282615592427134577e-01
1.248380868655716153e-01
1.215900302694803981e-01
1.185542139998436162e-01
1.157683791244720900e-01
1.132703966920768357e-01
1.110972397124994904e-01
1.092837302470247435e-01
1.078611194985580057e-01
1.068556056203334159e-01
1.062869352269547873e-01
1.061672559725878734e-01
1.065003766032050214e-01
1.072815434342325180e-01
1.084977665480642006e-01
1.101286444227897870e-01
1.121475651149689556e-01
1.145231226992793616e-01
1.172205846966862808e-01
1.202032731226380657e-01
1.234337651658348745e-01
1.268748655217160626e-01
1.304903411783087663e-01
1.342454364415237855e-01
1.381072010261938099e-01
1.420446694712917401e-01
1.460289291133514133e-01
1.500331092502902586e-01
1.540323180954724369e-01
1.580035480229076972e-01
1.619255641680235058e-01
1.657787869667834701e-01
1.695451757206588306e-01
1.732081176641665776e-01
1.767523251324959188e-01
1.801637421201442435e-01
1.834294606458421184e-01
1.865376467772054125e-01
1.894774758291901118e-01
1.922390760645991126e-01
1.948134801422962137e-01
1.971925835433763485e-01
1.993691092322793512e-01
2.013365778614498447e-01
2.030892828932350791e-01
2.046222700837476705e-01
2.059313208458068978e-01
2.070129390790013957e-01
2.078643411230008953e-01
2.084834485547858718e-01
2.088688836115015213e-01
2.090199670783585428e-01
2.089367185359442547e-01
2.086198589140062509e-01
2.080708153498412316e-01
2.072917283994239190e-01
2.062854616988263057e-01
2.050556142226331313e-01
2.036065353350805518e-01
2.019433428783111162e-01
2.000719445898042625e-01
1.979990631864109452e-01
1.957322654932560357e-01
1.932799960286789576e-01
1.906516154760606319e-01
1.878574444723451198e-01
1.849088131103940047e-01
1.818181164730237054e-01
1.785988763698797277e-01
1.752658092065358941e-01
1.718348995417963709e-01
1.683234783376185428e-01
1.647503041187106110e-01
1.611356441683848839e-01
1.575013514199006537e-01
1.538709307884262023e-01
1.502695862791884607e-01
1.467242373058330329e-01
1.432634893616008265e-01
1.399175407692914708e-01
1.367180041976737703e-01
1.336976197849934489e-01
1.308898372054375370e-01
1.283282482665353830e-01
1.260458610621527642e-01
1.240742222839286008e-01
1.224424158064004176e-01
1.211759910117900102e-01
1.202958991392488880e-01
1.198175340048302923e-01
1.197499781838032712e-01
1.200955426789356850e-01
1.208496571292292793e-01
1.220011240730086433e-01
1.235327042036707262e-01
1.254219605307447527e-01
1.276422658529292875e-01
1.301638729098295588e-01
1.329549577510137637e-01
1.359825685435526732e-01
1.392134375951950276e-01
1.426146382986443473e-01
1.461540876548012291e-01
1.498009078231315183e-01
1.535256671634643022e-01
1.573005236992983946e-01
1.610992932995685412e-01
1.648974624490773533e-01
1.686721622530779341e-01
1.724021169645346130e-01
1.760675772208844803e-01
1.796502455156699929e-01
1.831331992624483651e-01
1.865008151116796797e-01
1.897386968965712184e-01
1.928336086394734084e-01
1.957734133758816386e-01
1.985470180860628708e-01
2.011443247126073197e-01
2.035561870444799193e-01
2.057743731320321179e-01
2.077915328388998395e-01
2.096011701175913566e-01
2.111976196030154185e-01
2.125760271427726833e-01
2.137323339183380688e-01
2.146632638527470049e-01
2.153663140451564650e-01
2.158397480186733386e-01
2.160825916139940128e-01
2.160946314069028262e-01
2.158764155721801248e-01
2.154292571597191674e-01
2.147552397904760046e-01
2.138572258200756859e-01
2.127388670561088935e-01
2.114046181507667210e-01
2.098597528225171482e-01
2.081103830875054572e-01
2.061634817010319087e-01
2.040269080186269679e-01
2.017094374804275225e-01
1.992207948955528607e-01
1.965716916466913322e-01
1.937738668380904472e-01
1.908401322581513293e-01
1.877844208025650219e-01
1.846218376824337037e-01
1.813687132965411120e-01
1.780426560458598095e-01
1.746626025769129897e-01
1.712488619247546640e-01
1.678231487595858717e-01
1.644085994147392871e-01
1.610297626139940430e-01
1.577125549059703036e-01
1.544841689221493619e-01
1.513729209893576177e-01
1.484080237772419097e-01
1.456192701234973186e-01
1.430366166414301088e-01
1.406896608641427793e-01
1.386070140119896876e-01
1.368155830072381729e-01
1.353397893473546332e-01
1.342007671379667755e-01
1.334155952738123319e-01
1.329966262096698437e-01
1.329509730651237953e-01
1.332802063985962515e-01
1.339802925166369563e-01
1.350417797105930573e-01
1.364502121218613417e-01
1.381867281752907073e-01
1.402287856727161275e-01
1.425509504867541466e-01
1.451256897234058374e-01
1.479241208175937072e-01
1.509166820891554017e-01
1.540737048032397305e-01
1.573658795425761370e-01
1.607646195165088610e-01
1.642423300016077614e-01
1.677725967415386876e-01
1.713303074524122060e-01
1.748917202841150653e-01
1.784344918095176202e-01
1.819376753478656183e-01
1.853816985244684801e-01
1.887483271449402200e-01
1.920206208376256385e-01
1.951828845422765302e-01
1.982206188018090787e-01
2.011204709282159164e-01
2.038701884321730551e-01
2.064585755944901846e-01
2.088754536830503272e-01
2.111116250520072568e-01
2.131588411758483792e-01
2.150097745492776657e-01
2.166579943086266724e-01
2.180979453892007147e-01
2.193249310160315935e-01
2.203350983258115514e-01
2.211254269299478548e-01
2.216937202487972713e-01
2.220385994723516887e-01
2.221595000308269618e-01
2.220566704882149245e-01
2.217311738016555234e-01
2.211848909184614687e-01
2.204205267098101328e-01
2.194416182644583491e-01
2.182525455861068220e-01
2.168585447526534260e-01
2.152657236024905218e-01
2.134810800094970595e-01
2.115125227909056826e-01
2.093688952561194860e-01
2.070600013439004294e-01
2.045966342024685414e-01
2.019906069326151132e-01
1.992547850262830211e-01
1.964031197786410277e-01
1.934506816147062713e-01
1.904136918351796437e-01
1.873095507332351584e-01
1.841568593501883566e-01
1.809754313150196969e-01
1.777862902551076152e-01
1.746116471984042740e-01
1.714748512677840564e-01
1.684003058983305767e-01
1.654133419479424383e-01
1.625400386482565018e-01
1.598069836518941633e-01
1.572409648178786645e-01
1.548685891879727494e-01
1.527158291129460110e-01
1.508075017672351747e-01
1.491666960948696274e-01
1.478141698728075715e-01
1.467677478993833773e-01
1.460417587828420904e-01
1.456465507858792086e-01
1.455881253617448134e-01
1.458679198489037099e-01
1.464827588145640458e-01
1.474249784066742341e-01
1.486827122282929903e-01
1.502403133086178122e-01
1.520788768464095553e-01
1.541768236987361707e-01
1.565105050919179119e-01
1.590547937890246788e-01
1.617836344435276408e-01
1.646705344760481804e-01
1.676889851515268592e-01
1.708128096669627172e-01
1.740164405135590786e-01
1.772751320704587796e-01
1.805651165014400816e-01
1.838637118776545176e-01
1.871493913906649431e-01
1.904018218744524538e-01
1.936018788860278672e-01
1.967316444965023225e-01
1.997743928490287868e-01
2.027145675262833902e-01
2.055377538790178482e-01
2.082306487132152828e-01
2.107810291144194270e-01
2.131777216925065943e-01
2.154105731425940973e-01
2.174704227209957041e-01
2.193490770126648171e-01
2.210392872037815759e-01
2.225347289573068599e-01
2.238299849099435745e-01
2.249205297573143025e-01
2.258027178634614551e-01
2.264737733154436050e-01
2.269317823395803901e-01
2.271756879993503397e-01
2.272052871033886368e-01
2.270212292632345363e-01
2.266250180525870295e-01
2.260190142311173378e-01
2.252064410047256160e-01
2.241913912987560376e-01
2.229788370191410629e-01
2.215746402664601211e-01
2.199855664466287275e-01
2.182192991860868458e-01
2.162844569046959986e-01
2.141906108211779625e-01
2.119483040577826161e-01
2.095690713660421367e-01
2.070654588060246160e-01
2.044510424688507355e-01
2.017404450276372441e-01
1.989493485274939633e-01
1.960945013749703925e-01
1.931937169603124838e-01
1.902658607484245534e-01
1.873308220251430900e-01
1.844094658199094128e-01
1.815235599030294578e-01
1.786956712630849153e-01
1.759490262281924733e-01
1.733073285565634447e-01
1.707945305646815237e-01
1.684345538680396548e-01
1.662509587340479933e-01
1.642665644667489488e-01
1.625030276000537233e-01
1.609803897193376188e-01
1.597166119811102014e-01
1.587271181594734903e-01
1.580243714767700647e-01
1.576175117408096238e-01
1.575120777845202547e-01
1.577098356627883446e-01
1.582087258204979696e-01
1.590029333626850061e-01
1.600830758860527780e-01
1.614364944548679903e-01
1.630476264309332346e-01
1.648984347762426361e-01
1.669688673659939504e-01
1.692373214831103256e-01
1.716810923410546919e-01
1.742767893546942615e-01
1.770007091250874187e-01
1.798291590573029841e-01
1.827387297479690920e-01
1.857065175429476189e-01
1.887103009415327104e-01
1.917286759038575317e-01
1.947411557636689050e-01
1.977282415419590877e-01
2.006714681723638372e-01
2.035534316342627326e-01
2.063578013593502236e-01
2.090693216146325972e-01
2.116738049243149233e-01
2.141581200074020586e-01
2.165101761934908053e-01
2.187189058412606357e-01
2.207742459205571106e-01
2.226671196235546213e-01
2.243894186351131081e-01
2.259339865083093979e-01
2.272946034496843848e-01
2.284659727121686190e-01
2.294437087150004440e-01
2.302243269532905645e-01
2.308052357201750560e-01
2.311847296375246774e-01
2.313619849733948297e-01
2.313370567128286426e-01
2.311108773406781725e-01
2.306852572884863506e-01
2.300628869900347984e-01
2.292473404798113790e-01
2.282430804532154800e-01
2.270554646844944457e-01
2.256907536655646251e-01
2.241561192831530158e-01
2.224596542897106510e-01
2.206103822415983184e-01
2.186182674718790409e-01
2.164942245302296786e-01
2.142501263542213874e-01
2.118988102301578025e-01
2.094540803540015650e-01
