# stdS_fit_T2
3.547409607348928160e-03
4.010261973448393281e-03
4.496074715731214824e-03
5.003596881767418542e-03
5.531516712237661421e-03
6.078464161837795338e-03
6.643013534061058094e-03
7.223686225425731897e-03
7.818953574383911975e-03
8.427239810174206799e-03
9.046925096541086689e-03
9.676348665192405912e-03
1.031381203365691439e-02
1.095758230211024871e-02
1.160589552357528531e-02
1.225696014178316237e-02
1.290896049089831389e-02
1.356006035117969521e-02
1.420840655458134420e-02
1.485213263420714913e-02
1.548936251147970018e-02
1.611821421481346786e-02
1.673680362355990311e-02
1.734324823095349799e-02
1.793567091977248465e-02
1.851220374444183941e-02
1.907099171331214441e-02
1.961019656488489221e-02
2.012800053181286811e-02
2.062261008657652328e-02
2.109225966282845741e-02
2.153521534652852454e-02
2.194977853113582594e-02
2.233428953131510672e-02
2.268713114983464743e-02
2.300673219259887284e-02
2.329157092709911725e-02
2.354017847994262225e-02
2.375114216960515570e-02
2.392310877113897061e-02
2.405478771026927851e-02
2.414495418520274522e-02
2.419245221556268893e-02
2.419619761925058399e-02
2.415518091977884169e-02
2.406847018886488013e-02
2.393521383199612856e-02
2.375464332846912927e-02
2.352607594247652437e-02
2.324891742858268065e-02
2.292266476410873347e-02
2.254690895361738043e-02
2.212133796825826657e-02
2.164573990761692324e-02
2.112000650735744792e-02
2.054413716786867780e-02
1.991824375604155095e-02
1.924255654838781873e-02
1.851743186233983235e-02
1.774336220370556494e-02
1.692099021116158508e-02
1.605112842831610265e-02
1.513478821137811091e-02
1.417322333129578983e-02
1.316799794468625009e-02
1.212109645748195991e-02
1.103510851407591212e-02
9.913555560627916596e-03
8.761500237584750675e-03
7.586760859712948953e-03
6.402527188483466553e-03
5.233514045670881014e-03
4.131712095858422820e-03
3.216972735206546485e-03
2.743285453225286982e-03
2.981782635580144600e-03
3.836692997014313176e-03
5.027035979521884621e-03
6.386090924893991772e-03
7.840297824297605411e-03
9.355667159734400856e-03
1.091440012705839104e-02
1.250586437113440468e-02
1.412288925736172179e-02
1.576010592111939945e-02
1.741314084175786189e-02
1.907819626374776881e-02
2.075181921936789312e-02
2.243076846224280677e-02
2.411193504478253632e-02
2.579229368380832679e-02
2.746887252453118072e-02
2.913873429484157077e-02
3.079896473521633732e-02
3.244666580707789710e-02
3.407895211859879314e-02
3.569294956574842193e-02
3.728579552925332524e-02
3.885464018382845525e-02
4.039664861479214802e-02
4.190900352830667641e-02
4.338890840242821956e-02
4.483359096765668350e-02
4.624030693435079997e-02
4.760634390453613585e-02
4.892902541994263027e-02
5.020571510848489960e-02
5.143382089894216885e-02
5.261079927921887694e-02
5.373415957777643442e-02
5.480146825105754876e-02
5.581035316222276998e-02
5.675850783851174586e-02
5.764369569615900718e-02
5.846375422314519649e-02
5.921659911124158709e-02
5.990022832985970880e-02
6.051272613520607829e-02
6.105226700921244365e-02
6.151711952369527669e-02
6.190565012623707591e-02
6.221632684542030556e-02
6.244772291430761985e-02
6.259852031252513549e-02
6.266751322899194454e-02
6.265361144935714666e-02
6.255584367460698125e-02
6.237336078023305447e-02
6.210543902893125162e-02
6.175148325423074347e-02
6.131103003797555573e-02
6.078375091153578186e-02
6.016945561943768533e-02
5.946809549538563389e-02
5.867976701518753946e-02
5.780471561002923503e-02
5.684333984836877074e-02
5.579619612761667347e-02
5.466400406073032570e-02
5.344765280222637388e-02
5.214820863908954662e-02
5.076692428376503030e-02
4.930525046226804514e-02
4.776485061058166615e-02
4.614761980750344689e-02
4.445570952916253621e-02
4.269156048341996024e-02
4.085794678907397198e-02
3.895803629614176533e-02
3.699547421460502861e-02
3.497450096019829452e-02
3.290012114584808106e-02
3.077835053241787661e-02
2.861658431450460338e-02
2.642415839379010437e-02
2.421322429891890893e-02
2.200014384902498205e-02
1.980775641348202221e-02
1.766910742194155795e-02
1.563352625088171646e-02
1.377596545927779574e-02
1.220872852277826194e-02
1.108691206048733821e-02
1.058283738113334829e-02
1.080892474977026944e-02
1.174323346812159406e-02
1.325158350385980191e-02
1.517396521655237258e-02
1.738003555810311782e-02
1.977859793216873996e-02
2.230872682366901241e-02
2.492949772407370215e-02
2.761259283466244857e-02
3.033761289393385394e-02
3.308920579893836339e-02
3.585530729230806263e-02
3.862604723360024694e-02
4.139305603595517385e-02
4.414901551577241068e-02
4.688736207874981410e-02
4.960208692512890760e-02
5.228759938156819082e-02
5.493863215880753770e-02
5.755017499741320319e-02
6.011742788354271921e-02
6.263576798139666724e-02
6.510072632707153417e-02
6.750797156596567705e-02
6.985329883657727390e-02
7.213262245666833550e-02
7.434197144629010878e-02
7.647748718489971731e-02
7.853542268463667431e-02
8.051214309352057452e-02
8.240412713728445526e-02
8.420796927783523456e-02
8.592038241741610516e-02
8.753820101564492584e-02
8.905838451532199773e-02
9.047802099479600180e-02
9.179433098156783433e-02
9.300467137501991499e-02
9.410653943663567500e-02
9.509757681453381850e-02
9.597557357612467033e-02
9.673847222859514872e-02
9.738437171207822707e-02
9.791153135500790805e-02
9.831837478552657439e-02
9.860349379707732120e-02
9.876565217067229119e-02
9.880378946093837378e-02
9.871702475810727184e-02
9.850466044383636433e-02
9.816618596537178554e-02
9.770128166038907769e-02
9.710982267423873271e-02
9.639188302275344955e-02
9.554773986783512973e-02
9.457787809051676486e-02
9.348299526810498195e-02
9.226400718970642623e-02
9.092205407973262543e-02
8.945850774428343311e-02
8.787497991392329011e-02
8.617333213277389437e-02
8.435568764423395649e-02
8.242444585658943723e-02
8.038230014928871014e-02
7.823226001969740828e-02
7.597767889480927517e-02
7.362228937731590817e-02
7.117024831069891644e-02
6.862619490670980593e-02
6.599532638804904427e-02
6.328349731784398136e-02
6.049735125072687458e-02
5.764449689630865570e-02
5.473374614746206318e-02
5.177543883441843020e-02
4.878188995068201417e-02
4.576801066476465785e-02
4.275217598384762480e-02
3.975743965807895797e-02
3.681322652650047961e-02
3.395764634957797873e-02
3.124051917289031102e-02
2.872695258515618050e-02
2.650061216117036850e-02
2.466435887983358527e-02
2.333387820877514882e-02
2.261948748352511293e-02
2.259716800072542747e-02
2.328239415119221639e-02
2.462554324669364095e-02
2.653238421215377285e-02
2.889359053355513088e-02
3.160660378485739136e-02
3.458535143749212615e-02
3.776153879690244408e-02
4.108220254753580658e-02
4.450637772070527298e-02
4.800207822380010009e-02
5.154391464499282621e-02
5.511132455991193946e-02
5.868729226964187334e-02
6.225743156283454482e-02
6.580932908328138153e-02
6.933207238867157562e-02
7.281590858278959300e-02
7.625199556874739937e-02
7.963221943291468041e-02
8.294905943768840495e-02
8.619548760261153131e-02
8.936489365179442479e-02
9.245102873910557295e-02
9.544796320035137116e-02
9.835005487419341830e-02
1.011519254504819887e-01
1.038484429609941445e-01
1.064347090016356662e-01
1.089060496206994133e-01
1.112580090619198908e-01
1.134863457396322189e-01
1.155870299645261751e-01
1.175562430450820262e-01
1.193903774710238230e-01
1.210860379475745680e-01
1.226400430978143163e-01
1.240494276884943209e-01
1.253114452648977084e-01
1.264235711046794164e-01
1.273835054205623984e-01
1.281891767584314168e-01
1.288387455516486202e-01
1.293306078050123487e-01
1.296633988933021675e-01
1.298359974702767983e-01
1.298475294948021608e-01
1.296973723919093713e-01
1.293851593784710874e-01
1.289107839963225810e-01
1.282744049105913609e-01
1.274764510483813174e-01
1.265176271735679314e-01
1.253989200182762942e-01
1.241216051218685945e-01
1.226872545655196128e-01
1.210977458367618886e-01
1.193552721163526342e-01
1.174623543529297737e-01
1.154218555837416560e-01
1.132369980782881036e-01
1.109113840340621299e-01
1.084490207504736070e-01
1.058543514629290416e-01
1.031322933533519864e-01
1.002882846923720261e-01
9.732834364724786413e-02
9.425914205576926830e-02
9.108809848307510004e-02
8.782349622874584261e-02
8.447463374245653411e-02
8.105201726898950132e-02
7.756760862500945708e-02
7.403514494511292954e-02
7.047055206711336228e-02
6.689247872879529322e-02
6.332298403127126218e-02
5.978841334213066960e-02
5.632049264815128242e-02
5.295764741083221205e-02
4.974648892643691866e-02
4.674327611695607704e-02
4.401491268537453122e-02
4.163866167931520174e-02
3.969934863235243666e-02
3.828273738584878766e-02
3.746464596468743191e-02
3.729764746755606653e-02
3.779992893125493775e-02
3.895147338979786794e-02
4.069950794588921700e-02
4.297030459107890887e-02
4.568203411113132273e-02
4.875466944332661895e-02
5.211569848083595635e-02
5.570235055101292049e-02
5.946164297538734933e-02
6.334936148528909350e-02
6.732868286676482739e-02
7.136880898251699024e-02
7.544376773957023330e-02
7.953142313446943945e-02
8.361268469026598982e-02
8.767088756739999100e-02
9.169131112938956607e-02
9.566080664425700986e-02
9.956750970031340298e-02
1.034006178865104347e-01
1.071502186164830922e-01
1.108071554905663281e-01
1.143629243421872416e-01
1.178095922273562635e-01
1.211397342202415600e-01
1.243463840902842010e-01
1.274229958515080419e-01
1.303634138662514985e-01
1.331618497095486964e-01
1.358128643989521822e-01
1.383113548991437569e-01
1.406525440446307340e-01
1.428319732045917057e-01
1.448454971544780034e-01
1.466892807290378908e-01
1.483597969182652299e-01
1.498538261369058711e-01
1.511684564537698061e-01
1.523010846123770134e-01
1.532494177119048950e-01
1.540114754489357030e-01
1.545855928476677077e-01
1.549704234303070083e-01
1.551649428013587295e-01
1.551684526403902253e-01
1.549805851183859717e-01
1.546013077738555841e-01
1.540309289071919996e-01
1.532701035762878139e-01
1.523198403040568472e-01
1.511815086404093011e-01
1.498568477587242653e-01
1.483479763115874428e-01
1.466574038245323230e-01
1.447880439722634138e-01
1.427432301625162769e-01
1.405267339523418313e-01
1.381427869452751533e-01
1.355961069720132417e-01
1.328919295500641251e-01
1.300360458596607760e-01
1.270348487769884238e-01
1.238953888874664983e-01
1.206254428809018092e-01
1.172335973296156492e-01
1.137293515955903056e-01
1.101232445285981604e-01
1.064270107234448343e-01
1.026537734015223330e-01
9.881828242750263780e-02
9.493720743573878795e-02
9.102949722304844171e-02
8.711681685618800908e-02
8.322407219595130690e-02
7.938002571755083114e-02
7.561799420587306253e-02
7.197659287303630193e-02
6.850044452509906900e-02
6.524069899802062422e-02
6.225510435307832907e-02
5.960725112052830954e-02
5.736452418426839922e-02
5.559434653758033029e-02
5.435862173613629361e-02
5.370694576959827299e-02
5.366998934709849706e-02
5.425495518497719383e-02
5.544465972255444020e-02
5.720055322633230133e-02
5.946856900309555743e-02
6.218593775357744019e-02
6.528729859177846706e-02
6.870919629644309246e-02
7.239281521719426182e-02
7.628525828656390617e-02
8.033982552623859796e-02
8.451570413673945015e-02
8.877737151624390255e-02
9.309390242003942606e-02
9.743828763659624637e-02
1.017868163531535780e-01
1.061185416035167473e-01
1.104148304837658384e-01
1.146589923183053972e-01
1.188359746671860256e-01
1.229321165111496028e-01
1.269349486968221474e-01
1.308330329831119965e-01
1.346158323953746683e-01
1.382736068751111158e-01
1.417973293337971841e-01
1.451786181624686867e-01
1.484096830238536557e-01
1.514832813820730928e-01
1.543926837298074672e-01
1.571316458766799651e-01
1.596943869850255548e-01
1.620755722966499557e-01
1.642702997000319021e-01
1.662740894525655266e-01
1.680828765054661889e-01
1.696930049867645951e-01
1.711012244858158837e-01
1.723046878552755290e-01
1.733009503069846136e-01
1.740879696294331258e-01
1.746641073986757997e-01
1.750281310936247503e-01
1.751792170620930789e-01
1.751169543171916809e-01
1.748413491759091831e-01
1.743528307840925551e-01
1.736522576057414058e-01
1.727409249907046473e-01
1.716205739748066783e-01
1.702934015115308564e-01
1.687620723862967576e-01
1.670297331249568362e-01
1.651000282796558083e-01
1.629771195603187395e-01
1.606657083819030829e-01
1.581710625199646003e-01
1.554990477144368999e-01
1.526561652389134827e-01
1.496495966658729915e-01
1.464872573132523226e-01
1.431778601605190326e-01
1.397309923775458818e-01
1.361572070186336247e-01
1.324681328916521850e-01
1.286766061004643025e-01
1.247968272369181369e-01
1.208445485873521075e-01
1.168372958743337103e-01
1.127946287310943180e-01
1.087384428989153218e-01
1.046933144066841126e-01
1.006868807718320213e-01
9.675024518255537220e-02
9.291837490856105775e-02
8.923044289639146809e-02
8.573003026184317088e-02
8.246506804634218257e-02
7.948735515005780905e-02
7.685146084225656649e-02
7.461283162596543672e-02
7.282500900269846256e-02
7.153605422638704969e-02
7.078455563779065263e-02
7.059587930351526874e-02
7.097946659398637892e-02
7.192784941754692962e-02
7.341763899184612641e-02
7.541221324316392527e-02
7.786542481683038364e-02
8.072553339186434862e-02
8.393871711908014455e-02
8.745180223350898507e-02
9.121412290810422541e-02
9.517860590395516018e-02
9.930225669291857515e-02
1.035462333353189407e-01
1.078756661177037862e-01
1.122593406591984727e-01
1.166693241710731882e-01
1.210805844236395035e-01
1.254706294808608236e-01
1.298191820580722466e-01
1.341078935677826600e-01
1.383200978402703285e-01
1.424406018261747398e-01
1.464555093818749043e-01
1.503520738905778087e-01
1.541185755929119217e-01
1.577442198526999573e-01
1.612190530272518962e-01
1.645338930695421364e-01
1.676802724217653640e-01
1.706503911479413382e-01
1.734370785916438951e-01
1.760337621344759407e-01
1.784344418757398409e-01
1.806336702592870325e-01
1.826265358454532139e-01
1.844086505696906353e-01
1.859761399498136014e-01
1.873256358049377457e-01
1.884542711348290711e-01
1.893596768815929143e-01
1.900399803590405723e-01
1.904938051909286223e-01
1.907202726494934275e-01
1.907190043319975936e-01
1.904901261568754944e-01
1.900342737039071583e-01
1.893525989659761155e-01
1.884467786246819543e-01
1.873190240096806736e-01
1.859720929534923184e-01
1.844093038110792004e-01
1.826345519783312554e-01
1.806523293173603051e-01
1.784677469810013462e-01
1.760865622260024133e-01
1.735152099158831784e-01
1.707608395419953906e-01
1.678313587360102110e-01
1.647354844089295167e-01
1.614828028288841921e-01
1.580838401372310353e-01
1.545501449892139612e-01
1.508943851724231233e-01
1.471304601707757176e-01
1.432736316505368590e-01
1.393406736643124921e-01
1.353500438713148013e-01
1.313220760682713983e-01
1.272791925441405236e-01
1.232461318411258167e-01
1.192501829426541177e-01
1.153214101470180358e-01
1.114928433570513133e-01
1.078005958726379193e-01
1.042838562967528943e-01
1.009846844459324489e-01
9.794752698718496575e-02
9.521836374220460364e-02
9.284341011851679482e-02
9.086734592841919089e-02
8.933112273393757630e-02
8.826951518615348824e-02
8.770870115890055940e-02
8.766423647610833980e-02
8.813978539332864570e-02
8.912685506870753060e-02
9.060558505780108574e-02
9.254642791169710725e-02
9.491240011504974150e-02
9.766152918531965932e-02
1.007491693960982787e-01
1.041299656214458857e-01
1.077593640347730558e-01
1.115946653189302390e-01
1.155956768702362802e-01
1.197250474536087350e-01
1.239483706776752098e-01
1.282341331470331913e-01
1.325535673955475779e-01
1.368804537320708892e-01
1.411909013848447192e-01
1.454631285935948093e-01
1.496772534583799552e-01
1.538151019275982301e-01
1.578600357272589294e-01
1.617968007863250512e-01
1.656113953862181631e-01
1.692909565479270295e-01
1.728236628477434755e-01
1.761986517714547729e-01
1.794059497763046684e-01
1.824364133651126818e-01
1.852816796467322280e-01
1.879341250368197214e-01
1.903868309284721394e-01
1.926335553260914157e-01
1.946687095845082982e-01
1.964873395280511970e-01
1.980851103413840963e-01
1.994582947269336048e-01
2.006037639141939333e-01
2.015189811859561808e-01
2.022019976573262989e-01
2.026514501069457130e-01
2.028665607176936281e-01
2.028471386377841135e-01
2.025935833239090322e-01
2.021068896771870127e-01
2.013886550313095380e-01
2.004410881015529500e-01
1.992670200542816239e-01
1.978699179101994776e-01
1.962539005518104951e-01
1.944237576671238588e-01
1.923849720281657349e-01
1.901437455746432525e-01
1.877070298499069478e-01
1.850825614171980882e-01
1.822789029668164251e-01
1.793054909052483048e-01
1.761726902886454060e-01
1.728918580145348549e-01
1.694754152005644443e-01
1.659369296325864662e-01
1.622912090200316348e-01
1.585544055022616305e-01
1.547441313328572488e-01
1.508795848309716914e-01
1.469816844007802714e-01
1.430732065198719594e-01
1.391789208966361657e-01
1.353257122995716044e-01
1.315426737112969091e-01
1.278611494248837188e-01
1.243146997152026617e-01
1.209389514909078728e-01
1.177712932925780026e-01
1.148503705155914517e-01
1.122153411214898838e-01
1.099048671815253952e-01
1.079558465010105883e-01
1.064019317178018370e-01
1.052719369839779096e-01
1.045882834549243384e-01
1.043656679872648624e-01
1.046101383856839900e-01
1.053187148137518514e-01
1.064796164583055732e-01
1.080730555755898548e-01
1.100724749457206025e-01
1.124460521469303198e-01
1.151582840452757689e-01
1.181714916741734983e-01
1.214471340014838530e-01
1.249468721688136302e-01
1.286333712334118973e-01
1.324708583002033035e-01
1.364254737204567414e-01
1.404654584600637246e-01
1.445612195581318093e-01
1.486853102467590448e-01
1.528123543345679403e-01
1.569189374687959826e-01
1.609834817186711342e-01
1.649861148851365367e-01
1.689085420544748639e-01
1.727339240427988865e-01
1.764467653376459444e-01
1.800328127438851067e-01
1.834789650187984844e-01
1.867731932017438479e-01
1.899044710039142769e-01
1.928627144468991750e-01
1.956387298694708399e-01
1.982241694214376682e-01
2.006114932044703592e-01
2.027939372845551369e-01
2.047654868771139891e-01
2.065208540863796849e-01
2.080554596606221107e-01
2.093654183017448489e-01
2.104475271402067305e-01
2.112992570538303194e-01
2.119187465718220809e-01
2.123047981637468384e-01
2.124568767677989523e-01
2.123751104642334075e-01
2.120602932489296100e-01
2.115138899094698433e-01
2.107380430524471993e-01
2.097355823765026939e-01
2.085100363312436811e-01
2.070656463479001730e-01
2.054073838733075918e-01
2.035409704840743794e-01
2.014729014016963249e-01
1.992104727701251299e-01
1.967618130922020037e-01
1.941359192461611649e-01
1.913426975119625340e-01
1.883930100205881697e-01
1.852987269852365837e-01
1.820727849642516938e-01
1.787292512184407989e-01
1.752833939291333631e-01
1.717517575980733180e-01
1.681522423056546200e-01
1.645041845998561902e-01
1.608284365557679230e-01
1.571474379144647826e-01
1.534852741201850612e-01
1.498677104999577292e-01
1.463221898130753484e-01
1.428777771045817435e-01
1.395650325825034954e-01
1.364157907214838539e-01
1.334628229109301734e-01
1.307393629555218262e-01
1.282784810070399517e-01
1.261123032943399780e-01
1.242710928234708051e-01
1.227822291027936275e-01
1.216691499303245855e-01
1.209503402671877059e-01
1.206384658496581080e-01
1.207397467126659907e-01
1.212536454757812965e-01
1.221729091988034283e-01
1.234839589365779311e-01
1.251675778298408370e-01
1.271998161897180957e-01
1.295530164269085016e-01
1.321968625580218770e-01
1.350993746329427758e-01
1.382277916491338465e-01
1.415493112120763675e-01
1.450316758200107248e-01
1.486436118102744119e-01
1.523551372162085249e-01
1.561377598000818490e-01
1.599645876622380614e-01
1.638103734534766265e-01
1.676515104937808254e-01
1.714659958677411666e-01
1.752333723640387975e-01
1.789346582499826144e-01
1.825522714496885801e-01
1.860699527477031601e-01
1.894726911318890539e-01
1.927466532574247382e-01
1.958791181880160936e-01
1.988584179852903033e-01
2.016738843156017646e-01
2.043158009784871720e-01
2.067753620954916050e-01
2.090446356037555520e-01
2.111165316540376813e-01
2.129847755021298805e-01
2.146438844943825974e-01
2.160891487742744033e-01
2.173166153718955329e-01
2.183230753780771027e-01
2.191060539470211510e-01
2.196638029141020632e-01
2.199952958578965390e-01
2.201002254769433286e-01
2.199790031918427147e-01
2.196327609219529409e-01
2.190633550229784121e-01
2.182733724070597403e-01
2.172661389003023025e-01
2.160457299236124562e-01
2.146169836105317197e-01
2.129855164993846306e-01
2.111577419548735235e-01
2.091408914839236188e-01
2.069430391089035204e-01
2.045731289438298683e-01
2.020410060799238405e-01
1.993574508179825622e-01
1.965342161763168061e-01
1.935840684413862312e-01
1.905208302976109658e-01
1.873594257533406637e-01
1.841159256487281404e-01
1.808075919625463934e-01
1.774529184026293338e-01
1.740716638451555165e-01
1.706848740672957943e-01
1.673148859002314415e-01
1.639853064524727788e-01
1.607209585047634226e-01
1.575477817187123097e-01
1.544926781868901922e-01
1.515832904470116316e-01
1.488477008553309444e-01
1.463140436967923785e-01
1.440100261043361918e-01
1.419623610840671790e-01
1.401961256198440697e-01
1.387340682746948661e-01
1.375959024877022041e-01
1.367976317669993558e-01
1.363509587369201581e-01
1.362628293161727011e-01
1.365351550152464344e-01
1.371647409085853808e-01
1.381434265111742277e-01
1.394584251504156769e-01
1.410928284206955929e-01
1.430262291494200921e-01
1.452354106438368819e-01
1.476950516839762306e-01
1.503784041777058711e-01
1.532579112343485095e-01
1.563057452471523223e-01
1.594942565038115212e-01
1.627963317026855372e-01
1.661856680854180701e-01
1.696369727862567234e-01
1.731260988436291448e-01
1.766301296445533520e-01
1.801274228922792042e-01
1.835976239353836192e-01
1.870216567972884936e-01
1.903816997190005411e-01
1.936611506079772005e-01
1.968445865409083617e-01
1.999177204221209703e-01
2.028673570495772849e-01
2.056813501689221113e-01
2.083485615783406686e-01
2.108588229568551520e-01
2.132029008015697835e-01
2.153724646533422549e-01
2.173600586471642893e-01
2.191590763279594178e-01
2.207637386126826140e-01
2.221690747460219051e-01
2.233709060825013193e-01
2.243658325267799680e-01
2.251512214723701832e-01
2.257251990936964825e-01
2.260866438651501220e-01
2.262351822017850400e-01
2.261711861382952882e-01
2.258957729848186935e-01
2.254108069190820796e-01
2.247189024935653812e-01
2.238234300528516851e-01
2.227285230691196383e-01
2.214390874115720331e-01
2.199608125669284542e-01
2.183001848208969975e-01
2.164645023922659728e-01
2.144618924786076963e-01
2.123013301215726512e-01
2.099926587252119725e-01
2.075466119566903300e-01
2.049748366177490122e-01
2.022899158889852889e-01
1.995053921080139903e-01
1.966357879370878858e-01
1.936966243962391365e-01
1.907044337770019138e-01
1.876767649057435039e-01
1.846321775987537772e-01
1.815902224594093117e-01
1.785714014448284981e-01
1.755971039335839645e-01
1.726895124466442666e-01
1.698714718366884369e-01
1.671663158294971474e-01
1.645976454692105184e-01
1.621890554915589588e-01
1.599638071059568123e-01
1.579444492106235609e-01
1.561523946521861106e-01
1.546074635186308333e-01
1.533274111121153416e-01
1.523274634257098525e-01
1.516198867171302256e-01
1.512136192019331860e-01
1.511139912723045708e-01
1.513225557341541794e-01
1.518370417011264406e-01
1.526514359572366808e-01
1.537561852072941992e-01
1.551385032129529995e-01
1.567827596771562138e-01
1.586709237041007137e-01
1.607830339110432327e-01
1.630976694091343937e-01
1.655924001126662104e-01
1.682442002291263672e-01
1.710298144301092005e-01
1.739260714081883319e-01
1.769101438480749078e-01
1.799597570905300259e-01
1.830533509474889797e-01
1.861702003657985938e-01
1.892905011258463610e-01
1.923954267048190170e-01
1.954671620190597536e-01
1.984889191396346231e-01
2.014449393653255649e-01
2.043204853184155401e-01
2.071018260516583886e-01
2.097762175482324187e-01
2.123318804725388420e-01
2.147579765901250493e-01
2.170445849149495732e-01
2.191826783534361889e-01
2.211641013875409179e-01
2.229815491636247260e-01
2.246285482210085560e-01
2.260994389955525985e-01
2.273893601623312444e-01
2.284942348315532612e-01
2.294107585783838332e-01
2.301363892662815769e-01
2.306693386116003552e-01
2.310085654319531667e-01
2.311537705200125969e-01
2.311053930863292971e-01
2.308646087178503337e-01
2.304333288018181602e-01
2.298142013663918570e-01
2.290106132884135448e-01
2.280266938139909050e-01
2.268673193275269617e-01
2.255381192879387375e-01
2.240454832251799477e-01
2.223965686536746589e-01
2.205993097093913446e-01
2.186624262511566164e-01
2.165954330812303319e-01
2.144086488316457040e-01
2.121132039277133785e-01
2.097210468748677836e-01
2.072449479167151609e-01
2.046984988788126958e-01
2.020961077445536935e-01
1.994529862098373130e-01
1.967851281400475050e-01
1.941092765208498883e-01
1.914428761766241438e-01
1.888040092609739318e-01
1.862113103486479904e-01
1.836838579364804269e-01
1.812410393625530081e-01
1.789023866546517183e-01
1.766873816959798060e-01
1.746152304071999783e-01
1.727046074147616794e-01
1.709733748769083628e-01
1.694382816669388614e-01
1.681146517765647053e-01
1.670160733221955074e-01
1.661541015701343826e-01
1.655379905796221240e-01
1.651744680774654139e-01
1.650675668260581930e-01
1.652185230122851511e-01
1.656257482685381810e-01
1.662848772425797594e-01
1.671888877056028622e-01
1.683282856165740082e-01
1.696913438688838482e-01
1.712643809973483644e-01
1.730320650743593092e-01
1.749777283152689211e-01
1.770836793148563015e-01
1.793315020146563077e-01
1.817023330900404687e-01
1.841771121124758936e-01
1.867368013244332936e-01
1.893625739887975501e-01
1.920359719544421084e-01
1.947390342989679390e-01
1.974543997030619724e-01
2.001653856426875155e-01
2.028560476319710426e-01
2.055112216875294162e-01
2.081165529825065308e-01
2.106585133722207459e-01
2.131244101467106855e-01
2.155023880302554540e-01
2.177814261253475103e-01
2.199513312017744027e-01
2.220027284672204948e-01
2.239270507266862276e-01
2.257165266435824380e-01
2.273641686533092177e-01
2.288637609472891632e-01
2.302098478380306401e-01
2.313977227302272954e-01
2.324234178554910879e-01
2.332836948759231532e-01
2.339760364213652466e-01
2.344986385943443608e-01
2.348504044532024881e-01
2.350309384657670586e-01
2.350405419115102756e-01
2.348802091979787510e-01
2.345516250460308316e-01
2.340571624868716394e-01
2.333998816008486521e-01
2.325835289123147631e-01
2.316125373354127881e-01
2.304920265411800340e-01
2.292278035856347707e-01
2.278263636001777448e-01
2.262948902983224209e-01
2.246412559950846377e-01
2.228740207659440364e-01
2.210024302899772919e-01
2.190364118256384607e-01
2.169865676574229407e-01
2.148641652277029634e-01
2.126811230321336010e-01
2.104499912124467575e-01
2.081839256328760213e-01
2.058966540841867809e-01
2.036024331342656812e-01
2.013159940521274949e-01
1.990524761930581588e-01
1.968273462702616883e-01
1.946563020799560728e-01
1.925551595205080846e-01
1.905397221786379602e-01
1.886256333672657881e-01
1.868282112992828148e-01
1.851622690604511901e-01
1.836419221701949545e-01
1.822803877301868158e-01
1.810897803669260231e-01
1.800809112595332384e-01
1.792630973754646140e-01
1.786439884824032043e-01
1.782294194526959086e-01
1.780232947584408920e-01
1.780275108632159986e-01
1.782419205145550078e-01
1.786643408635541774e-01
1.792906050729392020e-01
1.801146548392517366e-01
1.811286692610277749e-01
1.823232239096015395e-01
1.836874729194428457e-01
1.852093464558892955e-01
1.868757560147905894e-01
1.886728005784892026e-01
1.905859675759946636e-01
1.926003237371631815e-01
1.947006921609287233e-01
1.968718131250719316e-01
1.990984872662180660e-01
2.013657007000866916e-01
2.036587324074737027e-01
2.059632447774814579e-01
2.082653585889611692e-01
2.105517139467803500e-01
2.128095187991873860e-01
2.150265866746347565e-01
2.171913652177328014e-01
2.192929569975712312e-01
2.213211339266407673e-01
2.232663464797138564e-01
2.251197287503771405e-01
2.268731002360169224e-01
2.285189651049295834e-01
2.300505095746854800e-01
2.314615979201935236e-01
2.327467675332676456e-01
2.339012233723261058e-01
2.349208320700758024e-01
2.358021159073904194e-01
2.365422468116316346e-01
2.371390404959555498e-01
2.375909508213048804e-01
2.378970644334819640e-01
2.380570957026984791e-01
2.380713819711930690e-01
2.379408790948254748e-01
2.376671572460584692e-01
2.372523969275183164e-01
2.366993851265369597e-01
2.360115115209475978e-01
2.351927646241528391e-01
2.342477277324215845e-01
2.331815745088112457e-01
2.320000640054678820e-01
2.307095348888070774e-01
2.293168985898458578e-01
2.278296310545624981e-01
2.262557627166902896e-01
2.246038662582308665e-01
2.228830416622352428e-01
2.211028979995122712e-01
2.192735313284223109e-01
2.174054980280152316e-01
2.155097828340959143e-01
2.135977608109650427e-01
2.116811524757462037e-01
2.097719713055680446e-01
2.078824629098101340e-01
2.060250352499486404e-01
2.042121794479957453e-01
2.024563809494688560e-01
2.007700211041676397e-01
1.991652695991659727e-01
1.976539686189551781e-01
1.962475101052507387e-01
1.949567080225187987e-01
1.937916680741687825e-01
1.927616578195804065e-01
1.918749805682394283e-01
1.911388567266143756e-01
1.905593164011923357e-01
1.901411069817753319e-01
1.898876191223065335e-01
1.898008340020432005e-01
1.898812940104656621e-01
1.901280981000016412e-01
1.905389220549425777e-01
1.911100629079620361e-01
1.918365057751643676e-01
1.927120105476858858e-01
1.937292152287134195e-01
1.948797522749263489e-01
1.961543741032536203e-01
1.975430839477982092e-01
1.990352684697280217e-01
2.006198288941010988e-01
2.022853079246529073e-01
2.040200102228471868e-01
2.058121147874808488e-01
2.076497780999788934e-01
2.095212273815219572e-01
2.114148437240690459e-01
2.133192351994871727e-01
2.152233003178353199e-01
2.171162824011227122e-01
2.189878155699593321e-01
2.208279631167294477e-01
2.226272490703868900e-01
2.243766837545540238e-01
2.260677841113551412e-01
2.276925895162730806e-01
2.292436737508090627e-01
2.307141537351064808e-01
2.320976955560417332e-01
2.333885182604284181e-01
2.345813958200689553e-01
2.356716576166194010e-01
2.366551877403920146e-01
2.375284233485333574e-01
2.382883522844867485e-01
2.389325101219741398e-01
2.394589767625371068e-01
2.398663726854190770e-01
2.401538549217414609e-01
2.403211128009084818e-01
2.403683634954388859e-01
2.402963473703944031e-01
2.401063231247265728e-01
2.398000626937177582e-01
2.393798458637667326e-01
2.388484545326714226e-01
2.382091665299006789e-01
